0 859 508 330 94 767 241 994 454 676 794 841 696 595 406 137 704 903 504 882 894 271 92 342 999 834 634 133 978 673 954 333 811 352 904 914 503 566 837 94 123 156 581 987 110 626 361 948 520 429 512 842 709 295 768 364 529 937 599 492 927 86 205 490 682 419 647 398 411 138 953 490 330 448 452 601 611 168 967 112 661 657 448 676 438 487 806 316 468 457 841 18 867 762 135 323 828 123 343 450 
859 0 330 94 767 241 994 454 676 794 841 696 595 406 137 704 903 504 882 894 271 92 342 999 834 634 133 978 673 954 333 811 352 904 914 503 566 837 94 123 156 581 987 110 626 361 948 520 429 512 842 709 295 768 364 529 937 599 492 927 86 205 490 682 419 647 398 411 138 953 490 330 448 452 601 611 168 967 112 661 657 448 676 438 487 806 316 468 457 841 18 867 762 135 323 828 123 343 450 508 
508 330 0 767 241 994 454 676 794 841 696 595 406 137 704 903 504 882 894 271 92 342 999 834 634 133 978 673 954 333 811 352 904 914 503 566 837 94 123 156 581 987 110 626 361 948 520 429 512 842 709 295 768 364 529 937 599 492 927 86 205 490 682 419 647 398 411 138 953 490 330 448 452 601 611 168 967 112 661 657 448 676 438 487 806 316 468 457 841 18 867 762 135 323 828 123 343 450 859 94 
330 94 767 0 994 454 676 794 841 696 595 406 137 704 903 504 882 894 271 92 342 999 834 634 133 978 673 954 333 811 352 904 914 503 566 837 94 123 156 581 987 110 626 361 948 520 429 512 842 709 295 768 364 529 937 599 492 927 86 205 490 682 419 647 398 411 138 953 490 330 448 452 601 611 168 967 112 661 657 448 676 438 487 806 316 468 457 841 18 867 762 135 323 828 123 343 450 859 508 241 
94 767 241 994 0 676 794 841 696 595 406 137 704 903 504 882 894 271 92 342 999 834 634 133 978 673 954 333 811 352 904 914 503 566 837 94 123 156 581 987 110 626 361 948 520 429 512 842 709 295 768 364 529 937 599 492 927 86 205 490 682 419 647 398 411 138 953 490 330 448 452 601 611 168 967 112 661 657 448 676 438 487 806 316 468 457 841 18 867 762 135 323 828 123 343 450 859 508 330 454 
767 241 994 454 676 0 841 696 595 406 137 704 903 504 882 894 271 92 342 999 834 634 133 978 673 954 333 811 352 904 914 503 566 837 94 123 156 581 987 110 626 361 948 520 429 512 842 709 295 768 364 529 937 599 492 927 86 205 490 682 419 647 398 411 138 953 490 330 448 452 601 611 168 967 112 661 657 448 676 438 487 806 316 468 457 841 18 867 762 135 323 828 123 343 450 859 508 330 94 794 
241 994 454 676 794 841 0 595 406 137 704 903 504 882 894 271 92 342 999 834 634 133 978 673 954 333 811 352 904 914 503 566 837 94 123 156 581 987 110 626 361 948 520 429 512 842 709 295 768 364 529 937 599 492 927 86 205 490 682 419 647 398 411 138 953 490 330 448 452 601 611 168 967 112 661 657 448 676 438 487 806 316 468 457 841 18 867 762 135 323 828 123 343 450 859 508 330 94 767 696 
994 454 676 794 841 696 595 0 137 704 903 504 882 894 271 92 342 999 834 634 133 978 673 954 333 811 352 904 914 503 566 837 94 123 156 581 987 110 626 361 948 520 429 512 842 709 295 768 364 529 937 599 492 927 86 205 490 682 419 647 398 411 138 953 490 330 448 452 601 611 168 967 112 661 657 448 676 438 487 806 316 468 457 841 18 867 762 135 323 828 123 343 450 859 508 330 94 767 241 406 
454 676 794 841 696 595 406 137 0 903 504 882 894 271 92 342 999 834 634 133 978 673 954 333 811 352 904 914 503 566 837 94 123 156 581 987 110 626 361 948 520 429 512 842 709 295 768 364 529 937 599 492 927 86 205 490 682 419 647 398 411 138 953 490 330 448 452 601 611 168 967 112 661 657 448 676 438 487 806 316 468 457 841 18 867 762 135 323 828 123 343 450 859 508 330 94 767 241 994 704 
676 794 841 696 595 406 137 704 903 0 882 894 271 92 342 999 834 634 133 978 673 954 333 811 352 904 914 503 566 837 94 123 156 581 987 110 626 361 948 520 429 512 842 709 295 768 364 529 937 599 492 927 86 205 490 682 419 647 398 411 138 953 490 330 448 452 601 611 168 967 112 661 657 448 676 438 487 806 316 468 457 841 18 867 762 135 323 828 123 343 450 859 508 330 94 767 241 994 454 504 
794 841 696 595 406 137 704 903 504 882 0 271 92 342 999 834 634 133 978 673 954 333 811 352 904 914 503 566 837 94 123 156 581 987 110 626 361 948 520 429 512 842 709 295 768 364 529 937 599 492 927 86 205 490 682 419 647 398 411 138 953 490 330 448 452 601 611 168 967 112 661 657 448 676 438 487 806 316 468 457 841 18 867 762 135 323 828 123 343 450 859 508 330 94 767 241 994 454 676 894 
841 696 595 406 137 704 903 504 882 894 271 0 342 999 834 634 133 978 673 954 333 811 352 904 914 503 566 837 94 123 156 581 987 110 626 361 948 520 429 512 842 709 295 768 364 529 937 599 492 927 86 205 490 682 419 647 398 411 138 953 490 330 448 452 601 611 168 967 112 661 657 448 676 438 487 806 316 468 457 841 18 867 762 135 323 828 123 343 450 859 508 330 94 767 241 994 454 676 794 92 
696 595 406 137 704 903 504 882 894 271 92 342 0 834 634 133 978 673 954 333 811 352 904 914 503 566 837 94 123 156 581 987 110 626 361 948 520 429 512 842 709 295 768 364 529 937 599 492 927 86 205 490 682 419 647 398 411 138 953 490 330 448 452 601 611 168 967 112 661 657 448 676 438 487 806 316 468 457 841 18 867 762 135 323 828 123 343 450 859 508 330 94 767 241 994 454 676 794 841 999 
595 406 137 704 903 504 882 894 271 92 342 999 834 0 133 978 673 954 333 811 352 904 914 503 566 837 94 123 156 581 987 110 626 361 948 520 429 512 842 709 295 768 364 529 937 599 492 927 86 205 490 682 419 647 398 411 138 953 490 330 448 452 601 611 168 967 112 661 657 448 676 438 487 806 316 468 457 841 18 867 762 135 323 828 123 343 450 859 508 330 94 767 241 994 454 676 794 841 696 634 
406 137 704 903 504 882 894 271 92 342 999 834 634 133 0 673 954 333 811 352 904 914 503 566 837 94 123 156 581 987 110 626 361 948 520 429 512 842 709 295 768 364 529 937 599 492 927 86 205 490 682 419 647 398 411 138 953 490 330 448 452 601 611 168 967 112 661 657 448 676 438 487 806 316 468 457 841 18 867 762 135 323 828 123 343 450 859 508 330 94 767 241 994 454 676 794 841 696 595 978 
137 704 903 504 882 894 271 92 342 999 834 634 133 978 673 0 333 811 352 904 914 503 566 837 94 123 156 581 987 110 626 361 948 520 429 512 842 709 295 768 364 529 937 599 492 927 86 205 490 682 419 647 398 411 138 953 490 330 448 452 601 611 168 967 112 661 657 448 676 438 487 806 316 468 457 841 18 867 762 135 323 828 123 343 450 859 508 330 94 767 241 994 454 676 794 841 696 595 406 954 
704 903 504 882 894 271 92 342 999 834 634 133 978 673 954 333 0 352 904 914 503 566 837 94 123 156 581 987 110 626 361 948 520 429 512 842 709 295 768 364 529 937 599 492 927 86 205 490 682 419 647 398 411 138 953 490 330 448 452 601 611 168 967 112 661 657 448 676 438 487 806 316 468 457 841 18 867 762 135 323 828 123 343 450 859 508 330 94 767 241 994 454 676 794 841 696 595 406 137 811 
903 504 882 894 271 92 342 999 834 634 133 978 673 954 333 811 352 0 914 503 566 837 94 123 156 581 987 110 626 361 948 520 429 512 842 709 295 768 364 529 937 599 492 927 86 205 490 682 419 647 398 411 138 953 490 330 448 452 601 611 168 967 112 661 657 448 676 438 487 806 316 468 457 841 18 867 762 135 323 828 123 343 450 859 508 330 94 767 241 994 454 676 794 841 696 595 406 137 704 904 
504 882 894 271 92 342 999 834 634 133 978 673 954 333 811 352 904 914 0 566 837 94 123 156 581 987 110 626 361 948 520 429 512 842 709 295 768 364 529 937 599 492 927 86 205 490 682 419 647 398 411 138 953 490 330 448 452 601 611 168 967 112 661 657 448 676 438 487 806 316 468 457 841 18 867 762 135 323 828 123 343 450 859 508 330 94 767 241 994 454 676 794 841 696 595 406 137 704 903 503 
882 894 271 92 342 999 834 634 133 978 673 954 333 811 352 904 914 503 566 0 94 123 156 581 987 110 626 361 948 520 429 512 842 709 295 768 364 529 937 599 492 927 86 205 490 682 419 647 398 411 138 953 490 330 448 452 601 611 168 967 112 661 657 448 676 438 487 806 316 468 457 841 18 867 762 135 323 828 123 343 450 859 508 330 94 767 241 994 454 676 794 841 696 595 406 137 704 903 504 837 
894 271 92 342 999 834 634 133 978 673 954 333 811 352 904 914 503 566 837 94 0 156 581 987 110 626 361 948 520 429 512 842 709 295 768 364 529 937 599 492 927 86 205 490 682 419 647 398 411 138 953 490 330 448 452 601 611 168 967 112 661 657 448 676 438 487 806 316 468 457 841 18 867 762 135 323 828 123 343 450 859 508 330 94 767 241 994 454 676 794 841 696 595 406 137 704 903 504 882 123 
271 92 342 999 834 634 133 978 673 954 333 811 352 904 914 503 566 837 94 123 156 0 987 110 626 361 948 520 429 512 842 709 295 768 364 529 937 599 492 927 86 205 490 682 419 647 398 411 138 953 490 330 448 452 601 611 168 967 112 661 657 448 676 438 487 806 316 468 457 841 18 867 762 135 323 828 123 343 450 859 508 330 94 767 241 994 454 676 794 841 696 595 406 137 704 903 504 882 894 581 
92 342 999 834 634 133 978 673 954 333 811 352 904 914 503 566 837 94 123 156 581 987 0 626 361 948 520 429 512 842 709 295 768 364 529 937 599 492 927 86 205 490 682 419 647 398 411 138 953 490 330 448 452 601 611 168 967 112 661 657 448 676 438 487 806 316 468 457 841 18 867 762 135 323 828 123 343 450 859 508 330 94 767 241 994 454 676 794 841 696 595 406 137 704 903 504 882 894 271 110 
342 999 834 634 133 978 673 954 333 811 352 904 914 503 566 837 94 123 156 581 987 110 626 0 948 520 429 512 842 709 295 768 364 529 937 599 492 927 86 205 490 682 419 647 398 411 138 953 490 330 448 452 601 611 168 967 112 661 657 448 676 438 487 806 316 468 457 841 18 867 762 135 323 828 123 343 450 859 508 330 94 767 241 994 454 676 794 841 696 595 406 137 704 903 504 882 894 271 92 361 
999 834 634 133 978 673 954 333 811 352 904 914 503 566 837 94 123 156 581 987 110 626 361 948 0 429 512 842 709 295 768 364 529 937 599 492 927 86 205 490 682 419 647 398 411 138 953 490 330 448 452 601 611 168 967 112 661 657 448 676 438 487 806 316 468 457 841 18 867 762 135 323 828 123 343 450 859 508 330 94 767 241 994 454 676 794 841 696 595 406 137 704 903 504 882 894 271 92 342 520 
834 634 133 978 673 954 333 811 352 904 914 503 566 837 94 123 156 581 987 110 626 361 948 520 429 0 842 709 295 768 364 529 937 599 492 927 86 205 490 682 419 647 398 411 138 953 490 330 448 452 601 611 168 967 112 661 657 448 676 438 487 806 316 468 457 841 18 867 762 135 323 828 123 343 450 859 508 330 94 767 241 994 454 676 794 841 696 595 406 137 704 903 504 882 894 271 92 342 999 512 
634 133 978 673 954 333 811 352 904 914 503 566 837 94 123 156 581 987 110 626 361 948 520 429 512 842 0 295 768 364 529 937 599 492 927 86 205 490 682 419 647 398 411 138 953 490 330 448 452 601 611 168 967 112 661 657 448 676 438 487 806 316 468 457 841 18 867 762 135 323 828 123 343 450 859 508 330 94 767 241 994 454 676 794 841 696 595 406 137 704 903 504 882 894 271 92 342 999 834 709 
133 978 673 954 333 811 352 904 914 503 566 837 94 123 156 581 987 110 626 361 948 520 429 512 842 709 295 0 364 529 937 599 492 927 86 205 490 682 419 647 398 411 138 953 490 330 448 452 601 611 168 967 112 661 657 448 676 438 487 806 316 468 457 841 18 867 762 135 323 828 123 343 450 859 508 330 94 767 241 994 454 676 794 841 696 595 406 137 704 903 504 882 894 271 92 342 999 834 634 768 
978 673 954 333 811 352 904 914 503 566 837 94 123 156 581 987 110 626 361 948 520 429 512 842 709 295 768 364 0 937 599 492 927 86 205 490 682 419 647 398 411 138 953 490 330 448 452 601 611 168 967 112 661 657 448 676 438 487 806 316 468 457 841 18 867 762 135 323 828 123 343 450 859 508 330 94 767 241 994 454 676 794 841 696 595 406 137 704 903 504 882 894 271 92 342 999 834 634 133 529 
673 954 333 811 352 904 914 503 566 837 94 123 156 581 987 110 626 361 948 520 429 512 842 709 295 768 364 529 937 0 492 927 86 205 490 682 419 647 398 411 138 953 490 330 448 452 601 611 168 967 112 661 657 448 676 438 487 806 316 468 457 841 18 867 762 135 323 828 123 343 450 859 508 330 94 767 241 994 454 676 794 841 696 595 406 137 704 903 504 882 894 271 92 342 999 834 634 133 978 599 
954 333 811 352 904 914 503 566 837 94 123 156 581 987 110 626 361 948 520 429 512 842 709 295 768 364 529 937 599 492 0 86 205 490 682 419 647 398 411 138 953 490 330 448 452 601 611 168 967 112 661 657 448 676 438 487 806 316 468 457 841 18 867 762 135 323 828 123 343 450 859 508 330 94 767 241 994 454 676 794 841 696 595 406 137 704 903 504 882 894 271 92 342 999 834 634 133 978 673 927 
333 811 352 904 914 503 566 837 94 123 156 581 987 110 626 361 948 520 429 512 842 709 295 768 364 529 937 599 492 927 86 0 490 682 419 647 398 411 138 953 490 330 448 452 601 611 168 967 112 661 657 448 676 438 487 806 316 468 457 841 18 867 762 135 323 828 123 343 450 859 508 330 94 767 241 994 454 676 794 841 696 595 406 137 704 903 504 882 894 271 92 342 999 834 634 133 978 673 954 205 
811 352 904 914 503 566 837 94 123 156 581 987 110 626 361 948 520 429 512 842 709 295 768 364 529 937 599 492 927 86 205 490 0 419 647 398 411 138 953 490 330 448 452 601 611 168 967 112 661 657 448 676 438 487 806 316 468 457 841 18 867 762 135 323 828 123 343 450 859 508 330 94 767 241 994 454 676 794 841 696 595 406 137 704 903 504 882 894 271 92 342 999 834 634 133 978 673 954 333 682 
352 904 914 503 566 837 94 123 156 581 987 110 626 361 948 520 429 512 842 709 295 768 364 529 937 599 492 927 86 205 490 682 419 0 398 411 138 953 490 330 448 452 601 611 168 967 112 661 657 448 676 438 487 806 316 468 457 841 18 867 762 135 323 828 123 343 450 859 508 330 94 767 241 994 454 676 794 841 696 595 406 137 704 903 504 882 894 271 92 342 999 834 634 133 978 673 954 333 811 647 
904 914 503 566 837 94 123 156 581 987 110 626 361 948 520 429 512 842 709 295 768 364 529 937 599 492 927 86 205 490 682 419 647 398 0 138 953 490 330 448 452 601 611 168 967 112 661 657 448 676 438 487 806 316 468 457 841 18 867 762 135 323 828 123 343 450 859 508 330 94 767 241 994 454 676 794 841 696 595 406 137 704 903 504 882 894 271 92 342 999 834 634 133 978 673 954 333 811 352 411 
914 503 566 837 94 123 156 581 987 110 626 361 948 520 429 512 842 709 295 768 364 529 937 599 492 927 86 205 490 682 419 647 398 411 138 0 490 330 448 452 601 611 168 967 112 661 657 448 676 438 487 806 316 468 457 841 18 867 762 135 323 828 123 343 450 859 508 330 94 767 241 994 454 676 794 841 696 595 406 137 704 903 504 882 894 271 92 342 999 834 634 133 978 673 954 333 811 352 904 953 
503 566 837 94 123 156 581 987 110 626 361 948 520 429 512 842 709 295 768 364 529 937 599 492 927 86 205 490 682 419 647 398 411 138 953 490 0 448 452 601 611 168 967 112 661 657 448 676 438 487 806 316 468 457 841 18 867 762 135 323 828 123 343 450 859 508 330 94 767 241 994 454 676 794 841 696 595 406 137 704 903 504 882 894 271 92 342 999 834 634 133 978 673 954 333 811 352 904 914 330 
566 837 94 123 156 581 987 110 626 361 948 520 429 512 842 709 295 768 364 529 937 599 492 927 86 205 490 682 419 647 398 411 138 953 490 330 448 0 601 611 168 967 112 661 657 448 676 438 487 806 316 468 457 841 18 867 762 135 323 828 123 343 450 859 508 330 94 767 241 994 454 676 794 841 696 595 406 137 704 903 504 882 894 271 92 342 999 834 634 133 978 673 954 333 811 352 904 914 503 452 
837 94 123 156 581 987 110 626 361 948 520 429 512 842 709 295 768 364 529 937 599 492 927 86 205 490 682 419 647 398 411 138 953 490 330 448 452 601 0 168 967 112 661 657 448 676 438 487 806 316 468 457 841 18 867 762 135 323 828 123 343 450 859 508 330 94 767 241 994 454 676 794 841 696 595 406 137 704 903 504 882 894 271 92 342 999 834 634 133 978 673 954 333 811 352 904 914 503 566 611 
94 123 156 581 987 110 626 361 948 520 429 512 842 709 295 768 364 529 937 599 492 927 86 205 490 682 419 647 398 411 138 953 490 330 448 452 601 611 168 0 112 661 657 448 676 438 487 806 316 468 457 841 18 867 762 135 323 828 123 343 450 859 508 330 94 767 241 994 454 676 794 841 696 595 406 137 704 903 504 882 894 271 92 342 999 834 634 133 978 673 954 333 811 352 904 914 503 566 837 967 
123 156 581 987 110 626 361 948 520 429 512 842 709 295 768 364 529 937 599 492 927 86 205 490 682 419 647 398 411 138 953 490 330 448 452 601 611 168 967 112 0 657 448 676 438 487 806 316 468 457 841 18 867 762 135 323 828 123 343 450 859 508 330 94 767 241 994 454 676 794 841 696 595 406 137 704 903 504 882 894 271 92 342 999 834 634 133 978 673 954 333 811 352 904 914 503 566 837 94 661 
156 581 987 110 626 361 948 520 429 512 842 709 295 768 364 529 937 599 492 927 86 205 490 682 419 647 398 411 138 953 490 330 448 452 601 611 168 967 112 661 657 0 676 438 487 806 316 468 457 841 18 867 762 135 323 828 123 343 450 859 508 330 94 767 241 994 454 676 794 841 696 595 406 137 704 903 504 882 894 271 92 342 999 834 634 133 978 673 954 333 811 352 904 914 503 566 837 94 123 448 
581 987 110 626 361 948 520 429 512 842 709 295 768 364 529 937 599 492 927 86 205 490 682 419 647 398 411 138 953 490 330 448 452 601 611 168 967 112 661 657 448 676 0 487 806 316 468 457 841 18 867 762 135 323 828 123 343 450 859 508 330 94 767 241 994 454 676 794 841 696 595 406 137 704 903 504 882 894 271 92 342 999 834 634 133 978 673 954 333 811 352 904 914 503 566 837 94 123 156 438 
987 110 626 361 948 520 429 512 842 709 295 768 364 529 937 599 492 927 86 205 490 682 419 647 398 411 138 953 490 330 448 452 601 611 168 967 112 661 657 448 676 438 487 0 316 468 457 841 18 867 762 135 323 828 123 343 450 859 508 330 94 767 241 994 454 676 794 841 696 595 406 137 704 903 504 882 894 271 92 342 999 834 634 133 978 673 954 333 811 352 904 914 503 566 837 94 123 156 581 806 
110 626 361 948 520 429 512 842 709 295 768 364 529 937 599 492 927 86 205 490 682 419 647 398 411 138 953 490 330 448 452 601 611 168 967 112 661 657 448 676 438 487 806 316 0 457 841 18 867 762 135 323 828 123 343 450 859 508 330 94 767 241 994 454 676 794 841 696 595 406 137 704 903 504 882 894 271 92 342 999 834 634 133 978 673 954 333 811 352 904 914 503 566 837 94 123 156 581 987 468 
626 361 948 520 429 512 842 709 295 768 364 529 937 599 492 927 86 205 490 682 419 647 398 411 138 953 490 330 448 452 601 611 168 967 112 661 657 448 676 438 487 806 316 468 457 0 18 867 762 135 323 828 123 343 450 859 508 330 94 767 241 994 454 676 794 841 696 595 406 137 704 903 504 882 894 271 92 342 999 834 634 133 978 673 954 333 811 352 904 914 503 566 837 94 123 156 581 987 110 841 
361 948 520 429 512 842 709 295 768 364 529 937 599 492 927 86 205 490 682 419 647 398 411 138 953 490 330 448 452 601 611 168 967 112 661 657 448 676 438 487 806 316 468 457 841 18 0 762 135 323 828 123 343 450 859 508 330 94 767 241 994 454 676 794 841 696 595 406 137 704 903 504 882 894 271 92 342 999 834 634 133 978 673 954 333 811 352 904 914 503 566 837 94 123 156 581 987 110 626 867 
948 520 429 512 842 709 295 768 364 529 937 599 492 927 86 205 490 682 419 647 398 411 138 953 490 330 448 452 601 611 168 967 112 661 657 448 676 438 487 806 316 468 457 841 18 867 762 0 323 828 123 343 450 859 508 330 94 767 241 994 454 676 794 841 696 595 406 137 704 903 504 882 894 271 92 342 999 834 634 133 978 673 954 333 811 352 904 914 503 566 837 94 123 156 581 987 110 626 361 135 
520 429 512 842 709 295 768 364 529 937 599 492 927 86 205 490 682 419 647 398 411 138 953 490 330 448 452 601 611 168 967 112 661 657 448 676 438 487 806 316 468 457 841 18 867 762 135 323 0 123 343 450 859 508 330 94 767 241 994 454 676 794 841 696 595 406 137 704 903 504 882 894 271 92 342 999 834 634 133 978 673 954 333 811 352 904 914 503 566 837 94 123 156 581 987 110 626 361 948 828 
429 512 842 709 295 768 364 529 937 599 492 927 86 205 490 682 419 647 398 411 138 953 490 330 448 452 601 611 168 967 112 661 657 448 676 438 487 806 316 468 457 841 18 867 762 135 323 828 123 0 450 859 508 330 94 767 241 994 454 676 794 841 696 595 406 137 704 903 504 882 894 271 92 342 999 834 634 133 978 673 954 333 811 352 904 914 503 566 837 94 123 156 581 987 110 626 361 948 520 343 
512 842 709 295 768 364 529 937 599 492 927 86 205 490 682 419 647 398 411 138 953 490 330 448 452 601 611 168 967 112 661 657 448 676 438 487 806 316 468 457 841 18 867 762 135 323 828 123 343 450 0 508 330 94 767 241 994 454 676 794 841 696 595 406 137 704 903 504 882 894 271 92 342 999 834 634 133 978 673 954 333 811 352 904 914 503 566 837 94 123 156 581 987 110 626 361 948 520 429 859 
842 709 295 768 364 529 937 599 492 927 86 205 490 682 419 647 398 411 138 953 490 330 448 452 601 611 168 967 112 661 657 448 676 438 487 806 316 468 457 841 18 867 762 135 323 828 123 343 450 859 508 0 94 767 241 994 454 676 794 841 696 595 406 137 704 903 504 882 894 271 92 342 999 834 634 133 978 673 954 333 811 352 904 914 503 566 837 94 123 156 581 987 110 626 361 948 520 429 512 330 
709 295 768 364 529 937 599 492 927 86 205 490 682 419 647 398 411 138 953 490 330 448 452 601 611 168 967 112 661 657 448 676 438 487 806 316 468 457 841 18 867 762 135 323 828 123 343 450 859 508 330 94 0 241 994 454 676 794 841 696 595 406 137 704 903 504 882 894 271 92 342 999 834 634 133 978 673 954 333 811 352 904 914 503 566 837 94 123 156 581 987 110 626 361 948 520 429 512 842 767 
295 768 364 529 937 599 492 927 86 205 490 682 419 647 398 411 138 953 490 330 448 452 601 611 168 967 112 661 657 448 676 438 487 806 316 468 457 841 18 867 762 135 323 828 123 343 450 859 508 330 94 767 241 0 454 676 794 841 696 595 406 137 704 903 504 882 894 271 92 342 999 834 634 133 978 673 954 333 811 352 904 914 503 566 837 94 123 156 581 987 110 626 361 948 520 429 512 842 709 994 
768 364 529 937 599 492 927 86 205 490 682 419 647 398 411 138 953 490 330 448 452 601 611 168 967 112 661 657 448 676 438 487 806 316 468 457 841 18 867 762 135 323 828 123 343 450 859 508 330 94 767 241 994 454 0 794 841 696 595 406 137 704 903 504 882 894 271 92 342 999 834 634 133 978 673 954 333 811 352 904 914 503 566 837 94 123 156 581 987 110 626 361 948 520 429 512 842 709 295 676 
364 529 937 599 492 927 86 205 490 682 419 647 398 411 138 953 490 330 448 452 601 611 168 967 112 661 657 448 676 438 487 806 316 468 457 841 18 867 762 135 323 828 123 343 450 859 508 330 94 767 241 994 454 676 794 0 696 595 406 137 704 903 504 882 894 271 92 342 999 834 634 133 978 673 954 333 811 352 904 914 503 566 837 94 123 156 581 987 110 626 361 948 520 429 512 842 709 295 768 841 
529 937 599 492 927 86 205 490 682 419 647 398 411 138 953 490 330 448 452 601 611 168 967 112 661 657 448 676 438 487 806 316 468 457 841 18 867 762 135 323 828 123 343 450 859 508 330 94 767 241 994 454 676 794 841 696 0 406 137 704 903 504 882 894 271 92 342 999 834 634 133 978 673 954 333 811 352 904 914 503 566 837 94 123 156 581 987 110 626 361 948 520 429 512 842 709 295 768 364 595 
937 599 492 927 86 205 490 682 419 647 398 411 138 953 490 330 448 452 601 611 168 967 112 661 657 448 676 438 487 806 316 468 457 841 18 867 762 135 323 828 123 343 450 859 508 330 94 767 241 994 454 676 794 841 696 595 406 0 704 903 504 882 894 271 92 342 999 834 634 133 978 673 954 333 811 352 904 914 503 566 837 94 123 156 581 987 110 626 361 948 520 429 512 842 709 295 768 364 529 137 
599 492 927 86 205 490 682 419 647 398 411 138 953 490 330 448 452 601 611 168 967 112 661 657 448 676 438 487 806 316 468 457 841 18 867 762 135 323 828 123 343 450 859 508 330 94 767 241 994 454 676 794 841 696 595 406 137 704 0 504 882 894 271 92 342 999 834 634 133 978 673 954 333 811 352 904 914 503 566 837 94 123 156 581 987 110 626 361 948 520 429 512 842 709 295 768 364 529 937 903 
492 927 86 205 490 682 419 647 398 411 138 953 490 330 448 452 601 611 168 967 112 661 657 448 676 438 487 806 316 468 457 841 18 867 762 135 323 828 123 343 450 859 508 330 94 767 241 994 454 676 794 841 696 595 406 137 704 903 504 0 894 271 92 342 999 834 634 133 978 673 954 333 811 352 904 914 503 566 837 94 123 156 581 987 110 626 361 948 520 429 512 842 709 295 768 364 529 937 599 882 
927 86 205 490 682 419 647 398 411 138 953 490 330 448 452 601 611 168 967 112 661 657 448 676 438 487 806 316 468 457 841 18 867 762 135 323 828 123 343 450 859 508 330 94 767 241 994 454 676 794 841 696 595 406 137 704 903 504 882 894 0 92 342 999 834 634 133 978 673 954 333 811 352 904 914 503 566 837 94 123 156 581 987 110 626 361 948 520 429 512 842 709 295 768 364 529 937 599 492 271 
86 205 490 682 419 647 398 411 138 953 490 330 448 452 601 611 168 967 112 661 657 448 676 438 487 806 316 468 457 841 18 867 762 135 323 828 123 343 450 859 508 330 94 767 241 994 454 676 794 841 696 595 406 137 704 903 504 882 894 271 92 0 999 834 634 133 978 673 954 333 811 352 904 914 503 566 837 94 123 156 581 987 110 626 361 948 520 429 512 842 709 295 768 364 529 937 599 492 927 342 
205 490 682 419 647 398 411 138 953 490 330 448 452 601 611 168 967 112 661 657 448 676 438 487 806 316 468 457 841 18 867 762 135 323 828 123 343 450 859 508 330 94 767 241 994 454 676 794 841 696 595 406 137 704 903 504 882 894 271 92 342 999 0 634 133 978 673 954 333 811 352 904 914 503 566 837 94 123 156 581 987 110 626 361 948 520 429 512 842 709 295 768 364 529 937 599 492 927 86 834 
490 682 419 647 398 411 138 953 490 330 448 452 601 611 168 967 112 661 657 448 676 438 487 806 316 468 457 841 18 867 762 135 323 828 123 343 450 859 508 330 94 767 241 994 454 676 794 841 696 595 406 137 704 903 504 882 894 271 92 342 999 834 634 0 978 673 954 333 811 352 904 914 503 566 837 94 123 156 581 987 110 626 361 948 520 429 512 842 709 295 768 364 529 937 599 492 927 86 205 133 
682 419 647 398 411 138 953 490 330 448 452 601 611 168 967 112 661 657 448 676 438 487 806 316 468 457 841 18 867 762 135 323 828 123 343 450 859 508 330 94 767 241 994 454 676 794 841 696 595 406 137 704 903 504 882 894 271 92 342 999 834 634 133 978 0 954 333 811 352 904 914 503 566 837 94 123 156 581 987 110 626 361 948 520 429 512 842 709 295 768 364 529 937 599 492 927 86 205 490 673 
419 647 398 411 138 953 490 330 448 452 601 611 168 967 112 661 657 448 676 438 487 806 316 468 457 841 18 867 762 135 323 828 123 343 450 859 508 330 94 767 241 994 454 676 794 841 696 595 406 137 704 903 504 882 894 271 92 342 999 834 634 133 978 673 954 0 811 352 904 914 503 566 837 94 123 156 581 987 110 626 361 948 520 429 512 842 709 295 768 364 529 937 599 492 927 86 205 490 682 333 
647 398 411 138 953 490 330 448 452 601 611 168 967 112 661 657 448 676 438 487 806 316 468 457 841 18 867 762 135 323 828 123 343 450 859 508 330 94 767 241 994 454 676 794 841 696 595 406 137 704 903 504 882 894 271 92 342 999 834 634 133 978 673 954 333 811 0 904 914 503 566 837 94 123 156 581 987 110 626 361 948 520 429 512 842 709 295 768 364 529 937 599 492 927 86 205 490 682 419 352 
398 411 138 953 490 330 448 452 601 611 168 967 112 661 657 448 676 438 487 806 316 468 457 841 18 867 762 135 323 828 123 343 450 859 508 330 94 767 241 994 454 676 794 841 696 595 406 137 704 903 504 882 894 271 92 342 999 834 634 133 978 673 954 333 811 352 904 0 503 566 837 94 123 156 581 987 110 626 361 948 520 429 512 842 709 295 768 364 529 937 599 492 927 86 205 490 682 419 647 914 
411 138 953 490 330 448 452 601 611 168 967 112 661 657 448 676 438 487 806 316 468 457 841 18 867 762 135 323 828 123 343 450 859 508 330 94 767 241 994 454 676 794 841 696 595 406 137 704 903 504 882 894 271 92 342 999 834 634 133 978 673 954 333 811 352 904 914 503 0 837 94 123 156 581 987 110 626 361 948 520 429 512 842 709 295 768 364 529 937 599 492 927 86 205 490 682 419 647 398 566 
138 953 490 330 448 452 601 611 168 967 112 661 657 448 676 438 487 806 316 468 457 841 18 867 762 135 323 828 123 343 450 859 508 330 94 767 241 994 454 676 794 841 696 595 406 137 704 903 504 882 894 271 92 342 999 834 634 133 978 673 954 333 811 352 904 914 503 566 837 0 123 156 581 987 110 626 361 948 520 429 512 842 709 295 768 364 529 937 599 492 927 86 205 490 682 419 647 398 411 94 
953 490 330 448 452 601 611 168 967 112 661 657 448 676 438 487 806 316 468 457 841 18 867 762 135 323 828 123 343 450 859 508 330 94 767 241 994 454 676 794 841 696 595 406 137 704 903 504 882 894 271 92 342 999 834 634 133 978 673 954 333 811 352 904 914 503 566 837 94 123 0 581 987 110 626 361 948 520 429 512 842 709 295 768 364 529 937 599 492 927 86 205 490 682 419 647 398 411 138 156 
490 330 448 452 601 611 168 967 112 661 657 448 676 438 487 806 316 468 457 841 18 867 762 135 323 828 123 343 450 859 508 330 94 767 241 994 454 676 794 841 696 595 406 137 704 903 504 882 894 271 92 342 999 834 634 133 978 673 954 333 811 352 904 914 503 566 837 94 123 156 581 0 110 626 361 948 520 429 512 842 709 295 768 364 529 937 599 492 927 86 205 490 682 419 647 398 411 138 953 987 
330 448 452 601 611 168 967 112 661 657 448 676 438 487 806 316 468 457 841 18 867 762 135 323 828 123 343 450 859 508 330 94 767 241 994 454 676 794 841 696 595 406 137 704 903 504 882 894 271 92 342 999 834 634 133 978 673 954 333 811 352 904 914 503 566 837 94 123 156 581 987 110 0 361 948 520 429 512 842 709 295 768 364 529 937 599 492 927 86 205 490 682 419 647 398 411 138 953 490 626 
448 452 601 611 168 967 112 661 657 448 676 438 487 806 316 468 457 841 18 867 762 135 323 828 123 343 450 859 508 330 94 767 241 994 454 676 794 841 696 595 406 137 704 903 504 882 894 271 92 342 999 834 634 133 978 673 954 333 811 352 904 914 503 566 837 94 123 156 581 987 110 626 361 0 520 429 512 842 709 295 768 364 529 937 599 492 927 86 205 490 682 419 647 398 411 138 953 490 330 948 
452 601 611 168 967 112 661 657 448 676 438 487 806 316 468 457 841 18 867 762 135 323 828 123 343 450 859 508 330 94 767 241 994 454 676 794 841 696 595 406 137 704 903 504 882 894 271 92 342 999 834 634 133 978 673 954 333 811 352 904 914 503 566 837 94 123 156 581 987 110 626 361 948 520 0 512 842 709 295 768 364 529 937 599 492 927 86 205 490 682 419 647 398 411 138 953 490 330 448 429 
601 611 168 967 112 661 657 448 676 438 487 806 316 468 457 841 18 867 762 135 323 828 123 343 450 859 508 330 94 767 241 994 454 676 794 841 696 595 406 137 704 903 504 882 894 271 92 342 999 834 634 133 978 673 954 333 811 352 904 914 503 566 837 94 123 156 581 987 110 626 361 948 520 429 512 0 709 295 768 364 529 937 599 492 927 86 205 490 682 419 647 398 411 138 953 490 330 448 452 842 
611 168 967 112 661 657 448 676 438 487 806 316 468 457 841 18 867 762 135 323 828 123 343 450 859 508 330 94 767 241 994 454 676 794 841 696 595 406 137 704 903 504 882 894 271 92 342 999 834 634 133 978 673 954 333 811 352 904 914 503 566 837 94 123 156 581 987 110 626 361 948 520 429 512 842 709 0 768 364 529 937 599 492 927 86 205 490 682 419 647 398 411 138 953 490 330 448 452 601 295 
168 967 112 661 657 448 676 438 487 806 316 468 457 841 18 867 762 135 323 828 123 343 450 859 508 330 94 767 241 994 454 676 794 841 696 595 406 137 704 903 504 882 894 271 92 342 999 834 634 133 978 673 954 333 811 352 904 914 503 566 837 94 123 156 581 987 110 626 361 948 520 429 512 842 709 295 768 0 529 937 599 492 927 86 205 490 682 419 647 398 411 138 953 490 330 448 452 601 611 364 
967 112 661 657 448 676 438 487 806 316 468 457 841 18 867 762 135 323 828 123 343 450 859 508 330 94 767 241 994 454 676 794 841 696 595 406 137 704 903 504 882 894 271 92 342 999 834 634 133 978 673 954 333 811 352 904 914 503 566 837 94 123 156 581 987 110 626 361 948 520 429 512 842 709 295 768 364 529 0 599 492 927 86 205 490 682 419 647 398 411 138 953 490 330 448 452 601 611 168 937 
112 661 657 448 676 438 487 806 316 468 457 841 18 867 762 135 323 828 123 343 450 859 508 330 94 767 241 994 454 676 794 841 696 595 406 137 704 903 504 882 894 271 92 342 999 834 634 133 978 673 954 333 811 352 904 914 503 566 837 94 123 156 581 987 110 626 361 948 520 429 512 842 709 295 768 364 529 937 599 0 927 86 205 490 682 419 647 398 411 138 953 490 330 448 452 601 611 168 967 492 
661 657 448 676 438 487 806 316 468 457 841 18 867 762 135 323 828 123 343 450 859 508 330 94 767 241 994 454 676 794 841 696 595 406 137 704 903 504 882 894 271 92 342 999 834 634 133 978 673 954 333 811 352 904 914 503 566 837 94 123 156 581 987 110 626 361 948 520 429 512 842 709 295 768 364 529 937 599 492 927 0 205 490 682 419 647 398 411 138 953 490 330 448 452 601 611 168 967 112 86 
657 448 676 438 487 806 316 468 457 841 18 867 762 135 323 828 123 343 450 859 508 330 94 767 241 994 454 676 794 841 696 595 406 137 704 903 504 882 894 271 92 342 999 834 634 133 978 673 954 333 811 352 904 914 503 566 837 94 123 156 581 987 110 626 361 948 520 429 512 842 709 295 768 364 529 937 599 492 927 86 205 0 682 419 647 398 411 138 953 490 330 448 452 601 611 168 967 112 661 490 
448 676 438 487 806 316 468 457 841 18 867 762 135 323 828 123 343 450 859 508 330 94 767 241 994 454 676 794 841 696 595 406 137 704 903 504 882 894 271 92 342 999 834 634 133 978 673 954 333 811 352 904 914 503 566 837 94 123 156 581 987 110 626 361 948 520 429 512 842 709 295 768 364 529 937 599 492 927 86 205 490 682 0 647 398 411 138 953 490 330 448 452 601 611 168 967 112 661 657 419 
676 438 487 806 316 468 457 841 18 867 762 135 323 828 123 343 450 859 508 330 94 767 241 994 454 676 794 841 696 595 406 137 704 903 504 882 894 271 92 342 999 834 634 133 978 673 954 333 811 352 904 914 503 566 837 94 123 156 581 987 110 626 361 948 520 429 512 842 709 295 768 364 529 937 599 492 927 86 205 490 682 419 647 0 411 138 953 490 330 448 452 601 611 168 967 112 661 657 448 398 
438 487 806 316 468 457 841 18 867 762 135 323 828 123 343 450 859 508 330 94 767 241 994 454 676 794 841 696 595 406 137 704 903 504 882 894 271 92 342 999 834 634 133 978 673 954 333 811 352 904 914 503 566 837 94 123 156 581 987 110 626 361 948 520 429 512 842 709 295 768 364 529 937 599 492 927 86 205 490 682 419 647 398 411 0 953 490 330 448 452 601 611 168 967 112 661 657 448 676 138 
487 806 316 468 457 841 18 867 762 135 323 828 123 343 450 859 508 330 94 767 241 994 454 676 794 841 696 595 406 137 704 903 504 882 894 271 92 342 999 834 634 133 978 673 954 333 811 352 904 914 503 566 837 94 123 156 581 987 110 626 361 948 520 429 512 842 709 295 768 364 529 937 599 492 927 86 205 490 682 419 647 398 411 138 953 0 330 448 452 601 611 168 967 112 661 657 448 676 438 490 
806 316 468 457 841 18 867 762 135 323 828 123 343 450 859 508 330 94 767 241 994 454 676 794 841 696 595 406 137 704 903 504 882 894 271 92 342 999 834 634 133 978 673 954 333 811 352 904 914 503 566 837 94 123 156 581 987 110 626 361 948 520 429 512 842 709 295 768 364 529 937 599 492 927 86 205 490 682 419 647 398 411 138 953 490 330 0 452 601 611 168 967 112 661 657 448 676 438 487 448 
316 468 457 841 18 867 762 135 323 828 123 343 450 859 508 330 94 767 241 994 454 676 794 841 696 595 406 137 704 903 504 882 894 271 92 342 999 834 634 133 978 673 954 333 811 352 904 914 503 566 837 94 123 156 581 987 110 626 361 948 520 429 512 842 709 295 768 364 529 937 599 492 927 86 205 490 682 419 647 398 411 138 953 490 330 448 452 0 611 168 967 112 661 657 448 676 438 487 806 601 
468 457 841 18 867 762 135 323 828 123 343 450 859 508 330 94 767 241 994 454 676 794 841 696 595 406 137 704 903 504 882 894 271 92 342 999 834 634 133 978 673 954 333 811 352 904 914 503 566 837 94 123 156 581 987 110 626 361 948 520 429 512 842 709 295 768 364 529 937 599 492 927 86 205 490 682 419 647 398 411 138 953 490 330 448 452 601 611 0 967 112 661 657 448 676 438 487 806 316 168 
457 841 18 867 762 135 323 828 123 343 450 859 508 330 94 767 241 994 454 676 794 841 696 595 406 137 704 903 504 882 894 271 92 342 999 834 634 133 978 673 954 333 811 352 904 914 503 566 837 94 123 156 581 987 110 626 361 948 520 429 512 842 709 295 768 364 529 937 599 492 927 86 205 490 682 419 647 398 411 138 953 490 330 448 452 601 611 168 967 0 661 657 448 676 438 487 806 316 468 112 
841 18 867 762 135 323 828 123 343 450 859 508 330 94 767 241 994 454 676 794 841 696 595 406 137 704 903 504 882 894 271 92 342 999 834 634 133 978 673 954 333 811 352 904 914 503 566 837 94 123 156 581 987 110 626 361 948 520 429 512 842 709 295 768 364 529 937 599 492 927 86 205 490 682 419 647 398 411 138 953 490 330 448 452 601 611 168 967 112 661 0 448 676 438 487 806 316 468 457 657 
18 867 762 135 323 828 123 343 450 859 508 330 94 767 241 994 454 676 794 841 696 595 406 137 704 903 504 882 894 271 92 342 999 834 634 133 978 673 954 333 811 352 904 914 503 566 837 94 123 156 581 987 110 626 361 948 520 429 512 842 709 295 768 364 529 937 599 492 927 86 205 490 682 419 647 398 411 138 953 490 330 448 452 601 611 168 967 112 661 657 448 0 438 487 806 316 468 457 841 676 
867 762 135 323 828 123 343 450 859 508 330 94 767 241 994 454 676 794 841 696 595 406 137 704 903 504 882 894 271 92 342 999 834 634 133 978 673 954 333 811 352 904 914 503 566 837 94 123 156 581 987 110 626 361 948 520 429 512 842 709 295 768 364 529 937 599 492 927 86 205 490 682 419 647 398 411 138 953 490 330 448 452 601 611 168 967 112 661 657 448 676 438 0 806 316 468 457 841 18 487 
762 135 323 828 123 343 450 859 508 330 94 767 241 994 454 676 794 841 696 595 406 137 704 903 504 882 894 271 92 342 999 834 634 133 978 673 954 333 811 352 904 914 503 566 837 94 123 156 581 987 110 626 361 948 520 429 512 842 709 295 768 364 529 937 599 492 927 86 205 490 682 419 647 398 411 138 953 490 330 448 452 601 611 168 967 112 661 657 448 676 438 487 806 0 468 457 841 18 867 316 
135 323 828 123 343 450 859 508 330 94 767 241 994 454 676 794 841 696 595 406 137 704 903 504 882 894 271 92 342 999 834 634 133 978 673 954 333 811 352 904 914 503 566 837 94 123 156 581 987 110 626 361 948 520 429 512 842 709 295 768 364 529 937 599 492 927 86 205 490 682 419 647 398 411 138 953 490 330 448 452 601 611 168 967 112 661 657 448 676 438 487 806 316 468 0 841 18 867 762 457 
323 828 123 343 450 859 508 330 94 767 241 994 454 676 794 841 696 595 406 137 704 903 504 882 894 271 92 342 999 834 634 133 978 673 954 333 811 352 904 914 503 566 837 94 123 156 581 987 110 626 361 948 520 429 512 842 709 295 768 364 529 937 599 492 927 86 205 490 682 419 647 398 411 138 953 490 330 448 452 601 611 168 967 112 661 657 448 676 438 487 806 316 468 457 841 0 867 762 135 18 
828 123 343 450 859 508 330 94 767 241 994 454 676 794 841 696 595 406 137 704 903 504 882 894 271 92 342 999 834 634 133 978 673 954 333 811 352 904 914 503 566 837 94 123 156 581 987 110 626 361 948 520 429 512 842 709 295 768 364 529 937 599 492 927 86 205 490 682 419 647 398 411 138 953 490 330 448 452 601 611 168 967 112 661 657 448 676 438 487 806 316 468 457 841 18 867 0 135 323 762 
123 343 450 859 508 330 94 767 241 994 454 676 794 841 696 595 406 137 704 903 504 882 894 271 92 342 999 834 634 133 978 673 954 333 811 352 904 914 503 566 837 94 123 156 581 987 110 626 361 948 520 429 512 842 709 295 768 364 529 937 599 492 927 86 205 490 682 419 647 398 411 138 953 490 330 448 452 601 611 168 967 112 661 657 448 676 438 487 806 316 468 457 841 18 867 762 135 0 828 323 
343 450 859 508 330 94 767 241 994 454 676 794 841 696 595 406 137 704 903 504 882 894 271 92 342 999 834 634 133 978 673 954 333 811 352 904 914 503 566 837 94 123 156 581 987 110 626 361 948 520 429 512 842 709 295 768 364 529 937 599 492 927 86 205 490 682 419 647 398 411 138 953 490 330 448 452 601 611 168 967 112 661 657 448 676 438 487 806 316 468 457 841 18 867 762 135 323 828 0 123 
450 508 94 241 454 794 696 406 704 504 894 92 999 634 978 954 811 904 503 837 123 581 110 361 520 512 709 768 529 599 927 205 682 647 411 953 330 452 611 967 661 448 438 806 468 841 867 135 828 343 859 330 767 994 676 841 595 137 903 882 271 342 834 133 673 333 352 914 566 94 156 987 626 948 429 842 295 364 937 492 86 490 419 398 138 490 448 601 168 112 657 676 487 316 457 18 762 323 123 0 
