0 922 24 621 196 332 623 407 798 137 234 664 899 131 89 319 701 689 738 369 916 959 743 134 542 71 123 64 110 900 196 672 372 893 293 849 0 49 63 1 979 554 885 982 964 74 752 422 195 859 872 276 304 652 245 442 471 13 358 927 172 979 333 38 568 975 802 354 806 479 273 347 363 998 96 290 625 726 176 475 585 221 570 102 640 139 402 249 656 611 93 222 276 961 687 338 791 455 27 209 
922 0 621 196 332 623 407 798 137 234 664 899 131 89 319 701 689 738 369 916 959 743 134 542 71 123 64 110 900 196 672 372 893 293 849 0 49 63 1 979 554 885 982 964 74 752 422 195 859 872 276 304 652 245 442 471 13 358 927 172 979 333 38 568 975 802 354 806 479 273 347 363 998 96 290 625 726 176 475 585 221 570 102 640 139 402 249 656 611 93 222 276 961 687 338 791 455 27 209 24 
24 621 0 332 623 407 798 137 234 664 899 131 89 319 701 689 738 369 916 959 743 134 542 71 123 64 110 900 196 672 372 893 293 849 0 49 63 1 979 554 885 982 964 74 752 422 195 859 872 276 304 652 245 442 471 13 358 927 172 979 333 38 568 975 802 354 806 479 273 347 363 998 96 290 625 726 176 475 585 221 570 102 640 139 402 249 656 611 93 222 276 961 687 338 791 455 27 209 922 196 
621 196 332 0 407 798 137 234 664 899 131 89 319 701 689 738 369 916 959 743 134 542 71 123 64 110 900 196 672 372 893 293 849 0 49 63 1 979 554 885 982 964 74 752 422 195 859 872 276 304 652 245 442 471 13 358 927 172 979 333 38 568 975 802 354 806 479 273 347 363 998 96 290 625 726 176 475 585 221 570 102 640 139 402 249 656 611 93 222 276 961 687 338 791 455 27 209 922 24 623 
196 332 623 407 0 137 234 664 899 131 89 319 701 689 738 369 916 959 743 134 542 71 123 64 110 900 196 672 372 893 293 849 0 49 63 1 979 554 885 982 964 74 752 422 195 859 872 276 304 652 245 442 471 13 358 927 172 979 333 38 568 975 802 354 806 479 273 347 363 998 96 290 625 726 176 475 585 221 570 102 640 139 402 249 656 611 93 222 276 961 687 338 791 455 27 209 922 24 621 798 
332 623 407 798 137 0 664 899 131 89 319 701 689 738 369 916 959 743 134 542 71 123 64 110 900 196 672 372 893 293 849 0 49 63 1 979 554 885 982 964 74 752 422 195 859 872 276 304 652 245 442 471 13 358 927 172 979 333 38 568 975 802 354 806 479 273 347 363 998 96 290 625 726 176 475 585 221 570 102 640 139 402 249 656 611 93 222 276 961 687 338 791 455 27 209 922 24 621 196 234 
623 407 798 137 234 664 0 131 89 319 701 689 738 369 916 959 743 134 542 71 123 64 110 900 196 672 372 893 293 849 0 49 63 1 979 554 885 982 964 74 752 422 195 859 872 276 304 652 245 442 471 13 358 927 172 979 333 38 568 975 802 354 806 479 273 347 363 998 96 290 625 726 176 475 585 221 570 102 640 139 402 249 656 611 93 222 276 961 687 338 791 455 27 209 922 24 621 196 332 899 
407 798 137 234 664 899 131 0 319 701 689 738 369 916 959 743 134 542 71 123 64 110 900 196 672 372 893 293 849 0 49 63 1 979 554 885 982 964 74 752 422 195 859 872 276 304 652 245 442 471 13 358 927 172 979 333 38 568 975 802 354 806 479 273 347 363 998 96 290 625 726 176 475 585 221 570 102 640 139 402 249 656 611 93 222 276 961 687 338 791 455 27 209 922 24 621 196 332 623 89 
798 137 234 664 899 131 89 319 0 689 738 369 916 959 743 134 542 71 123 64 110 900 196 672 372 893 293 849 0 49 63 1 979 554 885 982 964 74 752 422 195 859 872 276 304 652 245 442 471 13 358 927 172 979 333 38 568 975 802 354 806 479 273 347 363 998 96 290 625 726 176 475 585 221 570 102 640 139 402 249 656 611 93 222 276 961 687 338 791 455 27 209 922 24 621 196 332 623 407 701 
137 234 664 899 131 89 319 701 689 0 369 916 959 743 134 542 71 123 64 110 900 196 672 372 893 293 849 0 49 63 1 979 554 885 982 964 74 752 422 195 859 872 276 304 652 245 442 471 13 358 927 172 979 333 38 568 975 802 354 806 479 273 347 363 998 96 290 625 726 176 475 585 221 570 102 640 139 402 249 656 611 93 222 276 961 687 338 791 455 27 209 922 24 621 196 332 623 407 798 738 
234 664 899 131 89 319 701 689 738 369 0 959 743 134 542 71 123 64 110 900 196 672 372 893 293 849 0 49 63 1 979 554 885 982 964 74 752 422 195 859 872 276 304 652 245 442 471 13 358 927 172 979 333 38 568 975 802 354 806 479 273 347 363 998 96 290 625 726 176 475 585 221 570 102 640 139 402 249 656 611 93 222 276 961 687 338 791 455 27 209 922 24 621 196 332 623 407 798 137 916 
664 899 131 89 319 701 689 738 369 916 959 0 134 542 71 123 64 110 900 196 672 372 893 293 849 0 49 63 1 979 554 885 982 964 74 752 422 195 859 872 276 304 652 245 442 471 13 358 927 172 979 333 38 568 975 802 354 806 479 273 347 363 998 96 290 625 726 176 475 585 221 570 102 640 139 402 249 656 611 93 222 276 961 687 338 791 455 27 209 922 24 621 196 332 623 407 798 137 234 743 
899 131 89 319 701 689 738 369 916 959 743 134 0 71 123 64 110 900 196 672 372 893 293 849 0 49 63 1 979 554 885 982 964 74 752 422 195 859 872 276 304 652 245 442 471 13 358 927 172 979 333 38 568 975 802 354 806 479 273 347 363 998 96 290 625 726 176 475 585 221 570 102 640 139 402 249 656 611 93 222 276 961 687 338 791 455 27 209 922 24 621 196 332 623 407 798 137 234 664 542 
131 89 319 701 689 738 369 916 959 743 134 542 71 0 64 110 900 196 672 372 893 293 849 0 49 63 1 979 554 885 982 964 74 752 422 195 859 872 276 304 652 245 442 471 13 358 927 172 979 333 38 568 975 802 354 806 479 273 347 363 998 96 290 625 726 176 475 585 221 570 102 640 139 402 249 656 611 93 222 276 961 687 338 791 455 27 209 922 24 621 196 332 623 407 798 137 234 664 899 123 
89 319 701 689 738 369 916 959 743 134 542 71 123 64 0 900 196 672 372 893 293 849 0 49 63 1 979 554 885 982 964 74 752 422 195 859 872 276 304 652 245 442 471 13 358 927 172 979 333 38 568 975 802 354 806 479 273 347 363 998 96 290 625 726 176 475 585 221 570 102 640 139 402 249 656 611 93 222 276 961 687 338 791 455 27 209 922 24 621 196 332 623 407 798 137 234 664 899 131 110 
319 701 689 738 369 916 959 743 134 542 71 123 64 110 900 0 672 372 893 293 849 0 49 63 1 979 554 885 982 964 74 752 422 195 859 872 276 304 652 245 442 471 13 358 927 172 979 333 38 568 975 802 354 806 479 273 347 363 998 96 290 625 726 176 475 585 221 570 102 640 139 402 249 656 611 93 222 276 961 687 338 791 455 27 209 922 24 621 196 332 623 407 798 137 234 664 899 131 89 196 
701 689 738 369 916 959 743 134 542 71 123 64 110 900 196 672 0 893 293 849 0 49 63 1 979 554 885 982 964 74 752 422 195 859 872 276 304 652 245 442 471 13 358 927 172 979 333 38 568 975 802 354 806 479 273 347 363 998 96 290 625 726 176 475 585 221 570 102 640 139 402 249 656 611 93 222 276 961 687 338 791 455 27 209 922 24 621 196 332 623 407 798 137 234 664 899 131 89 319 372 
689 738 369 916 959 743 134 542 71 123 64 110 900 196 672 372 893 0 849 0 49 63 1 979 554 885 982 964 74 752 422 195 859 872 276 304 652 245 442 471 13 358 927 172 979 333 38 568 975 802 354 806 479 273 347 363 998 96 290 625 726 176 475 585 221 570 102 640 139 402 249 656 611 93 222 276 961 687 338 791 455 27 209 922 24 621 196 332 623 407 798 137 234 664 899 131 89 319 701 293 
738 369 916 959 743 134 542 71 123 64 110 900 196 672 372 893 293 849 0 49 63 1 979 554 885 982 964 74 752 422 195 859 872 276 304 652 245 442 471 13 358 927 172 979 333 38 568 975 802 354 806 479 273 347 363 998 96 290 625 726 176 475 585 221 570 102 640 139 402 249 656 611 93 222 276 961 687 338 791 455 27 209 922 24 621 196 332 623 407 798 137 234 664 899 131 89 319 701 689 0 
369 916 959 743 134 542 71 123 64 110 900 196 672 372 893 293 849 0 49 0 1 979 554 885 982 964 74 752 422 195 859 872 276 304 652 245 442 471 13 358 927 172 979 333 38 568 975 802 354 806 479 273 347 363 998 96 290 625 726 176 475 585 221 570 102 640 139 402 249 656 611 93 222 276 961 687 338 791 455 27 209 922 24 621 196 332 623 407 798 137 234 664 899 131 89 319 701 689 738 63 
916 959 743 134 542 71 123 64 110 900 196 672 372 893 293 849 0 49 63 1 0 554 885 982 964 74 752 422 195 859 872 276 304 652 245 442 471 13 358 927 172 979 333 38 568 975 802 354 806 479 273 347 363 998 96 290 625 726 176 475 585 221 570 102 640 139 402 249 656 611 93 222 276 961 687 338 791 455 27 209 922 24 621 196 332 623 407 798 137 234 664 899 131 89 319 701 689 738 369 979 
959 743 134 542 71 123 64 110 900 196 672 372 893 293 849 0 49 63 1 979 554 0 982 964 74 752 422 195 859 872 276 304 652 245 442 471 13 358 927 172 979 333 38 568 975 802 354 806 479 273 347 363 998 96 290 625 726 176 475 585 221 570 102 640 139 402 249 656 611 93 222 276 961 687 338 791 455 27 209 922 24 621 196 332 623 407 798 137 234 664 899 131 89 319 701 689 738 369 916 885 
743 134 542 71 123 64 110 900 196 672 372 893 293 849 0 49 63 1 979 554 885 982 0 74 752 422 195 859 872 276 304 652 245 442 471 13 358 927 172 979 333 38 568 975 802 354 806 479 273 347 363 998 96 290 625 726 176 475 585 221 570 102 640 139 402 249 656 611 93 222 276 961 687 338 791 455 27 209 922 24 621 196 332 623 407 798 137 234 664 899 131 89 319 701 689 738 369 916 959 964 
134 542 71 123 64 110 900 196 672 372 893 293 849 0 49 63 1 979 554 885 982 964 74 0 422 195 859 872 276 304 652 245 442 471 13 358 927 172 979 333 38 568 975 802 354 806 479 273 347 363 998 96 290 625 726 176 475 585 221 570 102 640 139 402 249 656 611 93 222 276 961 687 338 791 455 27 209 922 24 621 196 332 623 407 798 137 234 664 899 131 89 319 701 689 738 369 916 959 743 752 
542 71 123 64 110 900 196 672 372 893 293 849 0 49 63 1 979 554 885 982 964 74 752 422 0 859 872 276 304 652 245 442 471 13 358 927 172 979 333 38 568 975 802 354 806 479 273 347 363 998 96 290 625 726 176 475 585 221 570 102 640 139 402 249 656 611 93 222 276 961 687 338 791 455 27 209 922 24 621 196 332 623 407 798 137 234 664 899 131 89 319 701 689 738 369 916 959 743 134 195 
71 123 64 110 900 196 672 372 893 293 849 0 49 63 1 979 554 885 982 964 74 752 422 195 859 0 276 304 652 245 442 471 13 358 927 172 979 333 38 568 975 802 354 806 479 273 347 363 998 96 290 625 726 176 475 585 221 570 102 640 139 402 249 656 611 93 222 276 961 687 338 791 455 27 209 922 24 621 196 332 623 407 798 137 234 664 899 131 89 319 701 689 738 369 916 959 743 134 542 872 
123 64 110 900 196 672 372 893 293 849 0 49 63 1 979 554 885 982 964 74 752 422 195 859 872 276 0 652 245 442 471 13 358 927 172 979 333 38 568 975 802 354 806 479 273 347 363 998 96 290 625 726 176 475 585 221 570 102 640 139 402 249 656 611 93 222 276 961 687 338 791 455 27 209 922 24 621 196 332 623 407 798 137 234 664 899 131 89 319 701 689 738 369 916 959 743 134 542 71 304 
64 110 900 196 672 372 893 293 849 0 49 63 1 979 554 885 982 964 74 752 422 195 859 872 276 304 652 0 442 471 13 358 927 172 979 333 38 568 975 802 354 806 479 273 347 363 998 96 290 625 726 176 475 585 221 570 102 640 139 402 249 656 611 93 222 276 961 687 338 791 455 27 209 922 24 621 196 332 623 407 798 137 234 664 899 131 89 319 701 689 738 369 916 959 743 134 542 71 123 245 
110 900 196 672 372 893 293 849 0 49 63 1 979 554 885 982 964 74 752 422 195 859 872 276 304 652 245 442 0 13 358 927 172 979 333 38 568 975 802 354 806 479 273 347 363 998 96 290 625 726 176 475 585 221 570 102 640 139 402 249 656 611 93 222 276 961 687 338 791 455 27 209 922 24 621 196 332 623 407 798 137 234 664 899 131 89 319 701 689 738 369 916 959 743 134 542 71 123 64 471 
900 196 672 372 893 293 849 0 49 63 1 979 554 885 982 964 74 752 422 195 859 872 276 304 652 245 442 471 13 0 927 172 979 333 38 568 975 802 354 806 479 273 347 363 998 96 290 625 726 176 475 585 221 570 102 640 139 402 249 656 611 93 222 276 961 687 338 791 455 27 209 922 24 621 196 332 623 407 798 137 234 664 899 131 89 319 701 689 738 369 916 959 743 134 542 71 123 64 110 358 
196 672 372 893 293 849 0 49 63 1 979 554 885 982 964 74 752 422 195 859 872 276 304 652 245 442 471 13 358 927 0 979 333 38 568 975 802 354 806 479 273 347 363 998 96 290 625 726 176 475 585 221 570 102 640 139 402 249 656 611 93 222 276 961 687 338 791 455 27 209 922 24 621 196 332 623 407 798 137 234 664 899 131 89 319 701 689 738 369 916 959 743 134 542 71 123 64 110 900 172 
672 372 893 293 849 0 49 63 1 979 554 885 982 964 74 752 422 195 859 872 276 304 652 245 442 471 13 358 927 172 979 0 38 568 975 802 354 806 479 273 347 363 998 96 290 625 726 176 475 585 221 570 102 640 139 402 249 656 611 93 222 276 961 687 338 791 455 27 209 922 24 621 196 332 623 407 798 137 234 664 899 131 89 319 701 689 738 369 916 959 743 134 542 71 123 64 110 900 196 333 
372 893 293 849 0 49 63 1 979 554 885 982 964 74 752 422 195 859 872 276 304 652 245 442 471 13 358 927 172 979 333 38 0 975 802 354 806 479 273 347 363 998 96 290 625 726 176 475 585 221 570 102 640 139 402 249 656 611 93 222 276 961 687 338 791 455 27 209 922 24 621 196 332 623 407 798 137 234 664 899 131 89 319 701 689 738 369 916 959 743 134 542 71 123 64 110 900 196 672 568 
893 293 849 0 49 63 1 979 554 885 982 964 74 752 422 195 859 872 276 304 652 245 442 471 13 358 927 172 979 333 38 568 975 0 354 806 479 273 347 363 998 96 290 625 726 176 475 585 221 570 102 640 139 402 249 656 611 93 222 276 961 687 338 791 455 27 209 922 24 621 196 332 623 407 798 137 234 664 899 131 89 319 701 689 738 369 916 959 743 134 542 71 123 64 110 900 196 672 372 802 
293 849 0 49 63 1 979 554 885 982 964 74 752 422 195 859 872 276 304 652 245 442 471 13 358 927 172 979 333 38 568 975 802 354 0 479 273 347 363 998 96 290 625 726 176 475 585 221 570 102 640 139 402 249 656 611 93 222 276 961 687 338 791 455 27 209 922 24 621 196 332 623 407 798 137 234 664 899 131 89 319 701 689 738 369 916 959 743 134 542 71 123 64 110 900 196 672 372 893 806 
849 0 49 63 1 979 554 885 982 964 74 752 422 195 859 872 276 304 652 245 442 471 13 358 927 172 979 333 38 568 975 802 354 806 479 0 347 363 998 96 290 625 726 176 475 585 221 570 102 640 139 402 249 656 611 93 222 276 961 687 338 791 455 27 209 922 24 621 196 332 623 407 798 137 234 664 899 131 89 319 701 689 738 369 916 959 743 134 542 71 123 64 110 900 196 672 372 893 293 273 
0 49 63 1 979 554 885 982 964 74 752 422 195 859 872 276 304 652 245 442 471 13 358 927 172 979 333 38 568 975 802 354 806 479 273 347 0 998 96 290 625 726 176 475 585 221 570 102 640 139 402 249 656 611 93 222 276 961 687 338 791 455 27 209 922 24 621 196 332 623 407 798 137 234 664 899 131 89 319 701 689 738 369 916 959 743 134 542 71 123 64 110 900 196 672 372 893 293 849 363 
49 63 1 979 554 885 982 964 74 752 422 195 859 872 276 304 652 245 442 471 13 358 927 172 979 333 38 568 975 802 354 806 479 273 347 363 998 0 290 625 726 176 475 585 221 570 102 640 139 402 249 656 611 93 222 276 961 687 338 791 455 27 209 922 24 621 196 332 623 407 798 137 234 664 899 131 89 319 701 689 738 369 916 959 743 134 542 71 123 64 110 900 196 672 372 893 293 849 0 96 
63 1 979 554 885 982 964 74 752 422 195 859 872 276 304 652 245 442 471 13 358 927 172 979 333 38 568 975 802 354 806 479 273 347 363 998 96 290 0 726 176 475 585 221 570 102 640 139 402 249 656 611 93 222 276 961 687 338 791 455 27 209 922 24 621 196 332 623 407 798 137 234 664 899 131 89 319 701 689 738 369 916 959 743 134 542 71 123 64 110 900 196 672 372 893 293 849 0 49 625 
1 979 554 885 982 964 74 752 422 195 859 872 276 304 652 245 442 471 13 358 927 172 979 333 38 568 975 802 354 806 479 273 347 363 998 96 290 625 726 0 475 585 221 570 102 640 139 402 249 656 611 93 222 276 961 687 338 791 455 27 209 922 24 621 196 332 623 407 798 137 234 664 899 131 89 319 701 689 738 369 916 959 743 134 542 71 123 64 110 900 196 672 372 893 293 849 0 49 63 176 
979 554 885 982 964 74 752 422 195 859 872 276 304 652 245 442 471 13 358 927 172 979 333 38 568 975 802 354 806 479 273 347 363 998 96 290 625 726 176 475 0 221 570 102 640 139 402 249 656 611 93 222 276 961 687 338 791 455 27 209 922 24 621 196 332 623 407 798 137 234 664 899 131 89 319 701 689 738 369 916 959 743 134 542 71 123 64 110 900 196 672 372 893 293 849 0 49 63 1 585 
554 885 982 964 74 752 422 195 859 872 276 304 652 245 442 471 13 358 927 172 979 333 38 568 975 802 354 806 479 273 347 363 998 96 290 625 726 176 475 585 221 0 102 640 139 402 249 656 611 93 222 276 961 687 338 791 455 27 209 922 24 621 196 332 623 407 798 137 234 664 899 131 89 319 701 689 738 369 916 959 743 134 542 71 123 64 110 900 196 672 372 893 293 849 0 49 63 1 979 570 
885 982 964 74 752 422 195 859 872 276 304 652 245 442 471 13 358 927 172 979 333 38 568 975 802 354 806 479 273 347 363 998 96 290 625 726 176 475 585 221 570 102 0 139 402 249 656 611 93 222 276 961 687 338 791 455 27 209 922 24 621 196 332 623 407 798 137 234 664 899 131 89 319 701 689 738 369 916 959 743 134 542 71 123 64 110 900 196 672 372 893 293 849 0 49 63 1 979 554 640 
982 964 74 752 422 195 859 872 276 304 652 245 442 471 13 358 927 172 979 333 38 568 975 802 354 806 479 273 347 363 998 96 290 625 726 176 475 585 221 570 102 640 139 0 249 656 611 93 222 276 961 687 338 791 455 27 209 922 24 621 196 332 623 407 798 137 234 664 899 131 89 319 701 689 738 369 916 959 743 134 542 71 123 64 110 900 196 672 372 893 293 849 0 49 63 1 979 554 885 402 
964 74 752 422 195 859 872 276 304 652 245 442 471 13 358 927 172 979 333 38 568 975 802 354 806 479 273 347 363 998 96 290 625 726 176 475 585 221 570 102 640 139 402 249 0 611 93 222 276 961 687 338 791 455 27 209 922 24 621 196 332 623 407 798 137 234 664 899 131 89 319 701 689 738 369 916 959 743 134 542 71 123 64 110 900 196 672 372 893 293 849 0 49 63 1 979 554 885 982 656 
74 752 422 195 859 872 276 304 652 245 442 471 13 358 927 172 979 333 38 568 975 802 354 806 479 273 347 363 998 96 290 625 726 176 475 585 221 570 102 640 139 402 249 656 611 0 222 276 961 687 338 791 455 27 209 922 24 621 196 332 623 407 798 137 234 664 899 131 89 319 701 689 738 369 916 959 743 134 542 71 123 64 110 900 196 672 372 893 293 849 0 49 63 1 979 554 885 982 964 93 
752 422 195 859 872 276 304 652 245 442 471 13 358 927 172 979 333 38 568 975 802 354 806 479 273 347 363 998 96 290 625 726 176 475 585 221 570 102 640 139 402 249 656 611 93 222 0 961 687 338 791 455 27 209 922 24 621 196 332 623 407 798 137 234 664 899 131 89 319 701 689 738 369 916 959 743 134 542 71 123 64 110 900 196 672 372 893 293 849 0 49 63 1 979 554 885 982 964 74 276 
422 195 859 872 276 304 652 245 442 471 13 358 927 172 979 333 38 568 975 802 354 806 479 273 347 363 998 96 290 625 726 176 475 585 221 570 102 640 139 402 249 656 611 93 222 276 961 0 338 791 455 27 209 922 24 621 196 332 623 407 798 137 234 664 899 131 89 319 701 689 738 369 916 959 743 134 542 71 123 64 110 900 196 672 372 893 293 849 0 49 63 1 979 554 885 982 964 74 752 687 
195 859 872 276 304 652 245 442 471 13 358 927 172 979 333 38 568 975 802 354 806 479 273 347 363 998 96 290 625 726 176 475 585 221 570 102 640 139 402 249 656 611 93 222 276 961 687 338 0 455 27 209 922 24 621 196 332 623 407 798 137 234 664 899 131 89 319 701 689 738 369 916 959 743 134 542 71 123 64 110 900 196 672 372 893 293 849 0 49 63 1 979 554 885 982 964 74 752 422 791 
859 872 276 304 652 245 442 471 13 358 927 172 979 333 38 568 975 802 354 806 479 273 347 363 998 96 290 625 726 176 475 585 221 570 102 640 139 402 249 656 611 93 222 276 961 687 338 791 455 0 209 922 24 621 196 332 623 407 798 137 234 664 899 131 89 319 701 689 738 369 916 959 743 134 542 71 123 64 110 900 196 672 372 893 293 849 0 49 63 1 979 554 885 982 964 74 752 422 195 27 
872 276 304 652 245 442 471 13 358 927 172 979 333 38 568 975 802 354 806 479 273 347 363 998 96 290 625 726 176 475 585 221 570 102 640 139 402 249 656 611 93 222 276 961 687 338 791 455 27 209 0 24 621 196 332 623 407 798 137 234 664 899 131 89 319 701 689 738 369 916 959 743 134 542 71 123 64 110 900 196 672 372 893 293 849 0 49 63 1 979 554 885 982 964 74 752 422 195 859 922 
276 304 652 245 442 471 13 358 927 172 979 333 38 568 975 802 354 806 479 273 347 363 998 96 290 625 726 176 475 585 221 570 102 640 139 402 249 656 611 93 222 276 961 687 338 791 455 27 209 922 24 0 196 332 623 407 798 137 234 664 899 131 89 319 701 689 738 369 916 959 743 134 542 71 123 64 110 900 196 672 372 893 293 849 0 49 63 1 979 554 885 982 964 74 752 422 195 859 872 621 
304 652 245 442 471 13 358 927 172 979 333 38 568 975 802 354 806 479 273 347 363 998 96 290 625 726 176 475 585 221 570 102 640 139 402 249 656 611 93 222 276 961 687 338 791 455 27 209 922 24 621 196 0 623 407 798 137 234 664 899 131 89 319 701 689 738 369 916 959 743 134 542 71 123 64 110 900 196 672 372 893 293 849 0 49 63 1 979 554 885 982 964 74 752 422 195 859 872 276 332 
652 245 442 471 13 358 927 172 979 333 38 568 975 802 354 806 479 273 347 363 998 96 290 625 726 176 475 585 221 570 102 640 139 402 249 656 611 93 222 276 961 687 338 791 455 27 209 922 24 621 196 332 623 0 798 137 234 664 899 131 89 319 701 689 738 369 916 959 743 134 542 71 123 64 110 900 196 672 372 893 293 849 0 49 63 1 979 554 885 982 964 74 752 422 195 859 872 276 304 407 
245 442 471 13 358 927 172 979 333 38 568 975 802 354 806 479 273 347 363 998 96 290 625 726 176 475 585 221 570 102 640 139 402 249 656 611 93 222 276 961 687 338 791 455 27 209 922 24 621 196 332 623 407 798 0 234 664 899 131 89 319 701 689 738 369 916 959 743 134 542 71 123 64 110 900 196 672 372 893 293 849 0 49 63 1 979 554 885 982 964 74 752 422 195 859 872 276 304 652 137 
442 471 13 358 927 172 979 333 38 568 975 802 354 806 479 273 347 363 998 96 290 625 726 176 475 585 221 570 102 640 139 402 249 656 611 93 222 276 961 687 338 791 455 27 209 922 24 621 196 332 623 407 798 137 234 0 899 131 89 319 701 689 738 369 916 959 743 134 542 71 123 64 110 900 196 672 372 893 293 849 0 49 63 1 979 554 885 982 964 74 752 422 195 859 872 276 304 652 245 664 
471 13 358 927 172 979 333 38 568 975 802 354 806 479 273 347 363 998 96 290 625 726 176 475 585 221 570 102 640 139 402 249 656 611 93 222 276 961 687 338 791 455 27 209 922 24 621 196 332 623 407 798 137 234 664 899 0 89 319 701 689 738 369 916 959 743 134 542 71 123 64 110 900 196 672 372 893 293 849 0 49 63 1 979 554 885 982 964 74 752 422 195 859 872 276 304 652 245 442 131 
13 358 927 172 979 333 38 568 975 802 354 806 479 273 347 363 998 96 290 625 726 176 475 585 221 570 102 640 139 402 249 656 611 93 222 276 961 687 338 791 455 27 209 922 24 621 196 332 623 407 798 137 234 664 899 131 89 0 701 689 738 369 916 959 743 134 542 71 123 64 110 900 196 672 372 893 293 849 0 49 63 1 979 554 885 982 964 74 752 422 195 859 872 276 304 652 245 442 471 319 
358 927 172 979 333 38 568 975 802 354 806 479 273 347 363 998 96 290 625 726 176 475 585 221 570 102 640 139 402 249 656 611 93 222 276 961 687 338 791 455 27 209 922 24 621 196 332 623 407 798 137 234 664 899 131 89 319 701 0 738 369 916 959 743 134 542 71 123 64 110 900 196 672 372 893 293 849 0 49 63 1 979 554 885 982 964 74 752 422 195 859 872 276 304 652 245 442 471 13 689 
927 172 979 333 38 568 975 802 354 806 479 273 347 363 998 96 290 625 726 176 475 585 221 570 102 640 139 402 249 656 611 93 222 276 961 687 338 791 455 27 209 922 24 621 196 332 623 407 798 137 234 664 899 131 89 319 701 689 738 0 916 959 743 134 542 71 123 64 110 900 196 672 372 893 293 849 0 49 63 1 979 554 885 982 964 74 752 422 195 859 872 276 304 652 245 442 471 13 358 369 
172 979 333 38 568 975 802 354 806 479 273 347 363 998 96 290 625 726 176 475 585 221 570 102 640 139 402 249 656 611 93 222 276 961 687 338 791 455 27 209 922 24 621 196 332 623 407 798 137 234 664 899 131 89 319 701 689 738 369 916 0 743 134 542 71 123 64 110 900 196 672 372 893 293 849 0 49 63 1 979 554 885 982 964 74 752 422 195 859 872 276 304 652 245 442 471 13 358 927 959 
979 333 38 568 975 802 354 806 479 273 347 363 998 96 290 625 726 176 475 585 221 570 102 640 139 402 249 656 611 93 222 276 961 687 338 791 455 27 209 922 24 621 196 332 623 407 798 137 234 664 899 131 89 319 701 689 738 369 916 959 743 0 542 71 123 64 110 900 196 672 372 893 293 849 0 49 63 1 979 554 885 982 964 74 752 422 195 859 872 276 304 652 245 442 471 13 358 927 172 134 
333 38 568 975 802 354 806 479 273 347 363 998 96 290 625 726 176 475 585 221 570 102 640 139 402 249 656 611 93 222 276 961 687 338 791 455 27 209 922 24 621 196 332 623 407 798 137 234 664 899 131 89 319 701 689 738 369 916 959 743 134 542 0 123 64 110 900 196 672 372 893 293 849 0 49 63 1 979 554 885 982 964 74 752 422 195 859 872 276 304 652 245 442 471 13 358 927 172 979 71 
38 568 975 802 354 806 479 273 347 363 998 96 290 625 726 176 475 585 221 570 102 640 139 402 249 656 611 93 222 276 961 687 338 791 455 27 209 922 24 621 196 332 623 407 798 137 234 664 899 131 89 319 701 689 738 369 916 959 743 134 542 71 123 0 110 900 196 672 372 893 293 849 0 49 63 1 979 554 885 982 964 74 752 422 195 859 872 276 304 652 245 442 471 13 358 927 172 979 333 64 
568 975 802 354 806 479 273 347 363 998 96 290 625 726 176 475 585 221 570 102 640 139 402 249 656 611 93 222 276 961 687 338 791 455 27 209 922 24 621 196 332 623 407 798 137 234 664 899 131 89 319 701 689 738 369 916 959 743 134 542 71 123 64 110 0 196 672 372 893 293 849 0 49 63 1 979 554 885 982 964 74 752 422 195 859 872 276 304 652 245 442 471 13 358 927 172 979 333 38 900 
975 802 354 806 479 273 347 363 998 96 290 625 726 176 475 585 221 570 102 640 139 402 249 656 611 93 222 276 961 687 338 791 455 27 209 922 24 621 196 332 623 407 798 137 234 664 899 131 89 319 701 689 738 369 916 959 743 134 542 71 123 64 110 900 196 0 372 893 293 849 0 49 63 1 979 554 885 982 964 74 752 422 195 859 872 276 304 652 245 442 471 13 358 927 172 979 333 38 568 672 
802 354 806 479 273 347 363 998 96 290 625 726 176 475 585 221 570 102 640 139 402 249 656 611 93 222 276 961 687 338 791 455 27 209 922 24 621 196 332 623 407 798 137 234 664 899 131 89 319 701 689 738 369 916 959 743 134 542 71 123 64 110 900 196 672 372 0 293 849 0 49 63 1 979 554 885 982 964 74 752 422 195 859 872 276 304 652 245 442 471 13 358 927 172 979 333 38 568 975 893 
354 806 479 273 347 363 998 96 290 625 726 176 475 585 221 570 102 640 139 402 249 656 611 93 222 276 961 687 338 791 455 27 209 922 24 621 196 332 623 407 798 137 234 664 899 131 89 319 701 689 738 369 916 959 743 134 542 71 123 64 110 900 196 672 372 893 293 0 0 49 63 1 979 554 885 982 964 74 752 422 195 859 872 276 304 652 245 442 471 13 358 927 172 979 333 38 568 975 802 849 
806 479 273 347 363 998 96 290 625 726 176 475 585 221 570 102 640 139 402 249 656 611 93 222 276 961 687 338 791 455 27 209 922 24 621 196 332 623 407 798 137 234 664 899 131 89 319 701 689 738 369 916 959 743 134 542 71 123 64 110 900 196 672 372 893 293 849 0 0 63 1 979 554 885 982 964 74 752 422 195 859 872 276 304 652 245 442 471 13 358 927 172 979 333 38 568 975 802 354 49 
479 273 347 363 998 96 290 625 726 176 475 585 221 570 102 640 139 402 249 656 611 93 222 276 961 687 338 791 455 27 209 922 24 621 196 332 623 407 798 137 234 664 899 131 89 319 701 689 738 369 916 959 743 134 542 71 123 64 110 900 196 672 372 893 293 849 0 49 63 0 979 554 885 982 964 74 752 422 195 859 872 276 304 652 245 442 471 13 358 927 172 979 333 38 568 975 802 354 806 1 
273 347 363 998 96 290 625 726 176 475 585 221 570 102 640 139 402 249 656 611 93 222 276 961 687 338 791 455 27 209 922 24 621 196 332 623 407 798 137 234 664 899 131 89 319 701 689 738 369 916 959 743 134 542 71 123 64 110 900 196 672 372 893 293 849 0 49 63 1 979 0 885 982 964 74 752 422 195 859 872 276 304 652 245 442 471 13 358 927 172 979 333 38 568 975 802 354 806 479 554 
347 363 998 96 290 625 726 176 475 585 221 570 102 640 139 402 249 656 611 93 222 276 961 687 338 791 455 27 209 922 24 621 196 332 623 407 798 137 234 664 899 131 89 319 701 689 738 369 916 959 743 134 542 71 123 64 110 900 196 672 372 893 293 849 0 49 63 1 979 554 885 0 964 74 752 422 195 859 872 276 304 652 245 442 471 13 358 927 172 979 333 38 568 975 802 354 806 479 273 982 
363 998 96 290 625 726 176 475 585 221 570 102 640 139 402 249 656 611 93 222 276 961 687 338 791 455 27 209 922 24 621 196 332 623 407 798 137 234 664 899 131 89 319 701 689 738 369 916 959 743 134 542 71 123 64 110 900 196 672 372 893 293 849 0 49 63 1 979 554 885 982 964 0 752 422 195 859 872 276 304 652 245 442 471 13 358 927 172 979 333 38 568 975 802 354 806 479 273 347 74 
998 96 290 625 726 176 475 585 221 570 102 640 139 402 249 656 611 93 222 276 961 687 338 791 455 27 209 922 24 621 196 332 623 407 798 137 234 664 899 131 89 319 701 689 738 369 916 959 743 134 542 71 123 64 110 900 196 672 372 893 293 849 0 49 63 1 979 554 885 982 964 74 752 0 195 859 872 276 304 652 245 442 471 13 358 927 172 979 333 38 568 975 802 354 806 479 273 347 363 422 
96 290 625 726 176 475 585 221 570 102 640 139 402 249 656 611 93 222 276 961 687 338 791 455 27 209 922 24 621 196 332 623 407 798 137 234 664 899 131 89 319 701 689 738 369 916 959 743 134 542 71 123 64 110 900 196 672 372 893 293 849 0 49 63 1 979 554 885 982 964 74 752 422 195 0 872 276 304 652 245 442 471 13 358 927 172 979 333 38 568 975 802 354 806 479 273 347 363 998 859 
290 625 726 176 475 585 221 570 102 640 139 402 249 656 611 93 222 276 961 687 338 791 455 27 209 922 24 621 196 332 623 407 798 137 234 664 899 131 89 319 701 689 738 369 916 959 743 134 542 71 123 64 110 900 196 672 372 893 293 849 0 49 63 1 979 554 885 982 964 74 752 422 195 859 872 0 304 652 245 442 471 13 358 927 172 979 333 38 568 975 802 354 806 479 273 347 363 998 96 276 
625 726 176 475 585 221 570 102 640 139 402 249 656 611 93 222 276 961 687 338 791 455 27 209 922 24 621 196 332 623 407 798 137 234 664 899 131 89 319 701 689 738 369 916 959 743 134 542 71 123 64 110 900 196 672 372 893 293 849 0 49 63 1 979 554 885 982 964 74 752 422 195 859 872 276 304 0 245 442 471 13 358 927 172 979 333 38 568 975 802 354 806 479 273 347 363 998 96 290 652 
726 176 475 585 221 570 102 640 139 402 249 656 611 93 222 276 961 687 338 791 455 27 209 922 24 621 196 332 623 407 798 137 234 664 899 131 89 319 701 689 738 369 916 959 743 134 542 71 123 64 110 900 196 672 372 893 293 849 0 49 63 1 979 554 885 982 964 74 752 422 195 859 872 276 304 652 245 0 471 13 358 927 172 979 333 38 568 975 802 354 806 479 273 347 363 998 96 290 625 442 
176 475 585 221 570 102 640 139 402 249 656 611 93 222 276 961 687 338 791 455 27 209 922 24 621 196 332 623 407 798 137 234 664 899 131 89 319 701 689 738 369 916 959 743 134 542 71 123 64 110 900 196 672 372 893 293 849 0 49 63 1 979 554 885 982 964 74 752 422 195 859 872 276 304 652 245 442 471 0 358 927 172 979 333 38 568 975 802 354 806 479 273 347 363 998 96 290 625 726 13 
475 585 221 570 102 640 139 402 249 656 611 93 222 276 961 687 338 791 455 27 209 922 24 621 196 332 623 407 798 137 234 664 899 131 89 319 701 689 738 369 916 959 743 134 542 71 123 64 110 900 196 672 372 893 293 849 0 49 63 1 979 554 885 982 964 74 752 422 195 859 872 276 304 652 245 442 471 13 358 0 172 979 333 38 568 975 802 354 806 479 273 347 363 998 96 290 625 726 176 927 
585 221 570 102 640 139 402 249 656 611 93 222 276 961 687 338 791 455 27 209 922 24 621 196 332 623 407 798 137 234 664 899 131 89 319 701 689 738 369 916 959 743 134 542 71 123 64 110 900 196 672 372 893 293 849 0 49 63 1 979 554 885 982 964 74 752 422 195 859 872 276 304 652 245 442 471 13 358 927 172 0 333 38 568 975 802 354 806 479 273 347 363 998 96 290 625 726 176 475 979 
221 570 102 640 139 402 249 656 611 93 222 276 961 687 338 791 455 27 209 922 24 621 196 332 623 407 798 137 234 664 899 131 89 319 701 689 738 369 916 959 743 134 542 71 123 64 110 900 196 672 372 893 293 849 0 49 63 1 979 554 885 982 964 74 752 422 195 859 872 276 304 652 245 442 471 13 358 927 172 979 333 0 568 975 802 354 806 479 273 347 363 998 96 290 625 726 176 475 585 38 
570 102 640 139 402 249 656 611 93 222 276 961 687 338 791 455 27 209 922 24 621 196 332 623 407 798 137 234 664 899 131 89 319 701 689 738 369 916 959 743 134 542 71 123 64 110 900 196 672 372 893 293 849 0 49 63 1 979 554 885 982 964 74 752 422 195 859 872 276 304 652 245 442 471 13 358 927 172 979 333 38 568 0 802 354 806 479 273 347 363 998 96 290 625 726 176 475 585 221 975 
102 640 139 402 249 656 611 93 222 276 961 687 338 791 455 27 209 922 24 621 196 332 623 407 798 137 234 664 899 131 89 319 701 689 738 369 916 959 743 134 542 71 123 64 110 900 196 672 372 893 293 849 0 49 63 1 979 554 885 982 964 74 752 422 195 859 872 276 304 652 245 442 471 13 358 927 172 979 333 38 568 975 802 0 806 479 273 347 363 998 96 290 625 726 176 475 585 221 570 354 
640 139 402 249 656 611 93 222 276 961 687 338 791 455 27 209 922 24 621 196 332 623 407 798 137 234 664 899 131 89 319 701 689 738 369 916 959 743 134 542 71 123 64 110 900 196 672 372 893 293 849 0 49 63 1 979 554 885 982 964 74 752 422 195 859 872 276 304 652 245 442 471 13 358 927 172 979 333 38 568 975 802 354 806 0 273 347 363 998 96 290 625 726 176 475 585 221 570 102 479 
139 402 249 656 611 93 222 276 961 687 338 791 455 27 209 922 24 621 196 332 623 407 798 137 234 664 899 131 89 319 701 689 738 369 916 959 743 134 542 71 123 64 110 900 196 672 372 893 293 849 0 49 63 1 979 554 885 982 964 74 752 422 195 859 872 276 304 652 245 442 471 13 358 927 172 979 333 38 568 975 802 354 806 479 273 0 363 998 96 290 625 726 176 475 585 221 570 102 640 347 
402 249 656 611 93 222 276 961 687 338 791 455 27 209 922 24 621 196 332 623 407 798 137 234 664 899 131 89 319 701 689 738 369 916 959 743 134 542 71 123 64 110 900 196 672 372 893 293 849 0 49 63 1 979 554 885 982 964 74 752 422 195 859 872 276 304 652 245 442 471 13 358 927 172 979 333 38 568 975 802 354 806 479 273 347 363 0 96 290 625 726 176 475 585 221 570 102 640 139 998 
249 656 611 93 222 276 961 687 338 791 455 27 209 922 24 621 196 332 623 407 798 137 234 664 899 131 89 319 701 689 738 369 916 959 743 134 542 71 123 64 110 900 196 672 372 893 293 849 0 49 63 1 979 554 885 982 964 74 752 422 195 859 872 276 304 652 245 442 471 13 358 927 172 979 333 38 568 975 802 354 806 479 273 347 363 998 96 0 625 726 176 475 585 221 570 102 640 139 402 290 
656 611 93 222 276 961 687 338 791 455 27 209 922 24 621 196 332 623 407 798 137 234 664 899 131 89 319 701 689 738 369 916 959 743 134 542 71 123 64 110 900 196 672 372 893 293 849 0 49 63 1 979 554 885 982 964 74 752 422 195 859 872 276 304 652 245 442 471 13 358 927 172 979 333 38 568 975 802 354 806 479 273 347 363 998 96 290 625 0 176 475 585 221 570 102 640 139 402 249 726 
611 93 222 276 961 687 338 791 455 27 209 922 24 621 196 332 623 407 798 137 234 664 899 131 89 319 701 689 738 369 916 959 743 134 542 71 123 64 110 900 196 672 372 893 293 849 0 49 63 1 979 554 885 982 964 74 752 422 195 859 872 276 304 652 245 442 471 13 358 927 172 979 333 38 568 975 802 354 806 479 273 347 363 998 96 290 625 726 176 0 585 221 570 102 640 139 402 249 656 475 
93 222 276 961 687 338 791 455 27 209 922 24 621 196 332 623 407 798 137 234 664 899 131 89 319 701 689 738 369 916 959 743 134 542 71 123 64 110 900 196 672 372 893 293 849 0 49 63 1 979 554 885 982 964 74 752 422 195 859 872 276 304 652 245 442 471 13 358 927 172 979 333 38 568 975 802 354 806 479 273 347 363 998 96 290 625 726 176 475 585 0 570 102 640 139 402 249 656 611 221 
222 276 961 687 338 791 455 27 209 922 24 621 196 332 623 407 798 137 234 664 899 131 89 319 701 689 738 369 916 959 743 134 542 71 123 64 110 900 196 672 372 893 293 849 0 49 63 1 979 554 885 982 964 74 752 422 195 859 872 276 304 652 245 442 471 13 358 927 172 979 333 38 568 975 802 354 806 479 273 347 363 998 96 290 625 726 176 475 585 221 570 0 640 139 402 249 656 611 93 102 
276 961 687 338 791 455 27 209 922 24 621 196 332 623 407 798 137 234 664 899 131 89 319 701 689 738 369 916 959 743 134 542 71 123 64 110 900 196 672 372 893 293 849 0 49 63 1 979 554 885 982 964 74 752 422 195 859 872 276 304 652 245 442 471 13 358 927 172 979 333 38 568 975 802 354 806 479 273 347 363 998 96 290 625 726 176 475 585 221 570 102 640 0 402 249 656 611 93 222 139 
961 687 338 791 455 27 209 922 24 621 196 332 623 407 798 137 234 664 899 131 89 319 701 689 738 369 916 959 743 134 542 71 123 64 110 900 196 672 372 893 293 849 0 49 63 1 979 554 885 982 964 74 752 422 195 859 872 276 304 652 245 442 471 13 358 927 172 979 333 38 568 975 802 354 806 479 273 347 363 998 96 290 625 726 176 475 585 221 570 102 640 139 402 0 656 611 93 222 276 249 
687 338 791 455 27 209 922 24 621 196 332 623 407 798 137 234 664 899 131 89 319 701 689 738 369 916 959 743 134 542 71 123 64 110 900 196 672 372 893 293 849 0 49 63 1 979 554 885 982 964 74 752 422 195 859 872 276 304 652 245 442 471 13 358 927 172 979 333 38 568 975 802 354 806 479 273 347 363 998 96 290 625 726 176 475 585 221 570 102 640 139 402 249 656 0 93 222 276 961 611 
338 791 455 27 209 922 24 621 196 332 623 407 798 137 234 664 899 131 89 319 701 689 738 369 916 959 743 134 542 71 123 64 110 900 196 672 372 893 293 849 0 49 63 1 979 554 885 982 964 74 752 422 195 859 872 276 304 652 245 442 471 13 358 927 172 979 333 38 568 975 802 354 806 479 273 347 363 998 96 290 625 726 176 475 585 221 570 102 640 139 402 249 656 611 93 0 276 961 687 222 
791 455 27 209 922 24 621 196 332 623 407 798 137 234 664 899 131 89 319 701 689 738 369 916 959 743 134 542 71 123 64 110 900 196 672 372 893 293 849 0 49 63 1 979 554 885 982 964 74 752 422 195 859 872 276 304 652 245 442 471 13 358 927 172 979 333 38 568 975 802 354 806 479 273 347 363 998 96 290 625 726 176 475 585 221 570 102 640 139 402 249 656 611 93 222 276 0 687 338 961 
455 27 209 922 24 621 196 332 623 407 798 137 234 664 899 131 89 319 701 689 738 369 916 959 743 134 542 71 123 64 110 900 196 672 372 893 293 849 0 49 63 1 979 554 885 982 964 74 752 422 195 859 872 276 304 652 245 442 471 13 358 927 172 979 333 38 568 975 802 354 806 479 273 347 363 998 96 290 625 726 176 475 585 221 570 102 640 139 402 249 656 611 93 222 276 961 687 0 791 338 
27 209 922 24 621 196 332 623 407 798 137 234 664 899 131 89 319 701 689 738 369 916 959 743 134 542 71 123 64 110 900 196 672 372 893 293 849 0 49 63 1 979 554 885 982 964 74 752 422 195 859 872 276 304 652 245 442 471 13 358 927 172 979 333 38 568 975 802 354 806 479 273 347 363 998 96 290 625 726 176 475 585 221 570 102 640 139 402 249 656 611 93 222 276 961 687 338 791 0 455 
209 24 196 623 798 234 899 89 701 738 916 743 542 123 110 196 372 293 0 63 979 885 964 752 195 872 304 245 471 358 172 333 568 802 806 273 363 96 625 176 585 570 640 402 656 93 276 687 791 27 922 621 332 407 137 664 131 319 689 369 959 134 71 64 900 672 893 849 49 1 554 982 74 422 859 276 652 442 13 927 979 38 975 354 479 347 998 290 726 475 221 102 139 249 611 222 961 338 455 0 
