0 978 781 697 218 837 149 135 656 340 746 81 992 830 338 162 831 339 681 761 438 343 498 462 611 187 875 76 850 927 508 671 8 804 478 332 443 974 675 610 32 66 507 402 634 992 841 742 102 457 842 206 788 727 529 71 123 588 567 911 216 526 471 134 21 362 602 813 819 273 849 978 258 563 472 845 293 371 880 403 488 958 277 736 519 618 544 312 290 114 457 597 963 565 620 354 449 951 464 100 
978 0 697 218 837 149 135 656 340 746 81 992 830 338 162 831 339 681 761 438 343 498 462 611 187 875 76 850 927 508 671 8 804 478 332 443 974 675 610 32 66 507 402 634 992 841 742 102 457 842 206 788 727 529 71 123 588 567 911 216 526 471 134 21 362 602 813 819 273 849 978 258 563 472 845 293 371 880 403 488 958 277 736 519 618 544 312 290 114 457 597 963 565 620 354 449 951 464 100 781 
781 697 0 837 149 135 656 340 746 81 992 830 338 162 831 339 681 761 438 343 498 462 611 187 875 76 850 927 508 671 8 804 478 332 443 974 675 610 32 66 507 402 634 992 841 742 102 457 842 206 788 727 529 71 123 588 567 911 216 526 471 134 21 362 602 813 819 273 849 978 258 563 472 845 293 371 880 403 488 958 277 736 519 618 544 312 290 114 457 597 963 565 620 354 449 951 464 100 978 218 
697 218 837 0 135 656 340 746 81 992 830 338 162 831 339 681 761 438 343 498 462 611 187 875 76 850 927 508 671 8 804 478 332 443 974 675 610 32 66 507 402 634 992 841 742 102 457 842 206 788 727 529 71 123 588 567 911 216 526 471 134 21 362 602 813 819 273 849 978 258 563 472 845 293 371 880 403 488 958 277 736 519 618 544 312 290 114 457 597 963 565 620 354 449 951 464 100 978 781 149 
218 837 149 135 0 340 746 81 992 830 338 162 831 339 681 761 438 343 498 462 611 187 875 76 850 927 508 671 8 804 478 332 443 974 675 610 32 66 507 402 634 992 841 742 102 457 842 206 788 727 529 71 123 588 567 911 216 526 471 134 21 362 602 813 819 273 849 978 258 563 472 845 293 371 880 403 488 958 277 736 519 618 544 312 290 114 457 597 963 565 620 354 449 951 464 100 978 781 697 656 
837 149 135 656 340 0 81 992 830 338 162 831 339 681 761 438 343 498 462 611 187 875 76 850 927 508 671 8 804 478 332 443 974 675 610 32 66 507 402 634 992 841 742 102 457 842 206 788 727 529 71 123 588 567 911 216 526 471 134 21 362 602 813 819 273 849 978 258 563 472 845 293 371 880 403 488 958 277 736 519 618 544 312 290 114 457 597 963 565 620 354 449 951 464 100 978 781 697 218 746 
149 135 656 340 746 81 0 830 338 162 831 339 681 761 438 343 498 462 611 187 875 76 850 927 508 671 8 804 478 332 443 974 675 610 32 66 507 402 634 992 841 742 102 457 842 206 788 727 529 71 123 588 567 911 216 526 471 134 21 362 602 813 819 273 849 978 258 563 472 845 293 371 880 403 488 958 277 736 519 618 544 312 290 114 457 597 963 565 620 354 449 951 464 100 978 781 697 218 837 992 
135 656 340 746 81 992 830 0 162 831 339 681 761 438 343 498 462 611 187 875 76 850 927 508 671 8 804 478 332 443 974 675 610 32 66 507 402 634 992 841 742 102 457 842 206 788 727 529 71 123 588 567 911 216 526 471 134 21 362 602 813 819 273 849 978 258 563 472 845 293 371 880 403 488 958 277 736 519 618 544 312 290 114 457 597 963 565 620 354 449 951 464 100 978 781 697 218 837 149 338 
656 340 746 81 992 830 338 162 0 339 681 761 438 343 498 462 611 187 875 76 850 927 508 671 8 804 478 332 443 974 675 610 32 66 507 402 634 992 841 742 102 457 842 206 788 727 529 71 123 588 567 911 216 526 471 134 21 362 602 813 819 273 849 978 258 563 472 845 293 371 880 403 488 958 277 736 519 618 544 312 290 114 457 597 963 565 620 354 449 951 464 100 978 781 697 218 837 149 135 831 
340 746 81 992 830 338 162 831 339 0 761 438 343 498 462 611 187 875 76 850 927 508 671 8 804 478 332 443 974 675 610 32 66 507 402 634 992 841 742 102 457 842 206 788 727 529 71 123 588 567 911 216 526 471 134 21 362 602 813 819 273 849 978 258 563 472 845 293 371 880 403 488 958 277 736 519 618 544 312 290 114 457 597 963 565 620 354 449 951 464 100 978 781 697 218 837 149 135 656 681 
746 81 992 830 338 162 831 339 681 761 0 343 498 462 611 187 875 76 850 927 508 671 8 804 478 332 443 974 675 610 32 66 507 402 634 992 841 742 102 457 842 206 788 727 529 71 123 588 567 911 216 526 471 134 21 362 602 813 819 273 849 978 258 563 472 845 293 371 880 403 488 958 277 736 519 618 544 312 290 114 457 597 963 565 620 354 449 951 464 100 978 781 697 218 837 149 135 656 340 438 
81 992 830 338 162 831 339 681 761 438 343 0 462 611 187 875 76 850 927 508 671 8 804 478 332 443 974 675 610 32 66 507 402 634 992 841 742 102 457 842 206 788 727 529 71 123 588 567 911 216 526 471 134 21 362 602 813 819 273 849 978 258 563 472 845 293 371 880 403 488 958 277 736 519 618 544 312 290 114 457 597 963 565 620 354 449 951 464 100 978 781 697 218 837 149 135 656 340 746 498 
992 830 338 162 831 339 681 761 438 343 498 462 0 187 875 76 850 927 508 671 8 804 478 332 443 974 675 610 32 66 507 402 634 992 841 742 102 457 842 206 788 727 529 71 123 588 567 911 216 526 471 134 21 362 602 813 819 273 849 978 258 563 472 845 293 371 880 403 488 958 277 736 519 618 544 312 290 114 457 597 963 565 620 354 449 951 464 100 978 781 697 218 837 149 135 656 340 746 81 611 
830 338 162 831 339 681 761 438 343 498 462 611 187 0 76 850 927 508 671 8 804 478 332 443 974 675 610 32 66 507 402 634 992 841 742 102 457 842 206 788 727 529 71 123 588 567 911 216 526 471 134 21 362 602 813 819 273 849 978 258 563 472 845 293 371 880 403 488 958 277 736 519 618 544 312 290 114 457 597 963 565 620 354 449 951 464 100 978 781 697 218 837 149 135 656 340 746 81 992 875 
338 162 831 339 681 761 438 343 498 462 611 187 875 76 0 927 508 671 8 804 478 332 443 974 675 610 32 66 507 402 634 992 841 742 102 457 842 206 788 727 529 71 123 588 567 911 216 526 471 134 21 362 602 813 819 273 849 978 258 563 472 845 293 371 880 403 488 958 277 736 519 618 544 312 290 114 457 597 963 565 620 354 449 951 464 100 978 781 697 218 837 149 135 656 340 746 81 992 830 850 
162 831 339 681 761 438 343 498 462 611 187 875 76 850 927 0 671 8 804 478 332 443 974 675 610 32 66 507 402 634 992 841 742 102 457 842 206 788 727 529 71 123 588 567 911 216 526 471 134 21 362 602 813 819 273 849 978 258 563 472 845 293 371 880 403 488 958 277 736 519 618 544 312 290 114 457 597 963 565 620 354 449 951 464 100 978 781 697 218 837 149 135 656 340 746 81 992 830 338 508 
831 339 681 761 438 343 498 462 611 187 875 76 850 927 508 671 0 804 478 332 443 974 675 610 32 66 507 402 634 992 841 742 102 457 842 206 788 727 529 71 123 588 567 911 216 526 471 134 21 362 602 813 819 273 849 978 258 563 472 845 293 371 880 403 488 958 277 736 519 618 544 312 290 114 457 597 963 565 620 354 449 951 464 100 978 781 697 218 837 149 135 656 340 746 81 992 830 338 162 8 
339 681 761 438 343 498 462 611 187 875 76 850 927 508 671 8 804 0 332 443 974 675 610 32 66 507 402 634 992 841 742 102 457 842 206 788 727 529 71 123 588 567 911 216 526 471 134 21 362 602 813 819 273 849 978 258 563 472 845 293 371 880 403 488 958 277 736 519 618 544 312 290 114 457 597 963 565 620 354 449 951 464 100 978 781 697 218 837 149 135 656 340 746 81 992 830 338 162 831 478 
681 761 438 343 498 462 611 187 875 76 850 927 508 671 8 804 478 332 0 974 675 610 32 66 507 402 634 992 841 742 102 457 842 206 788 727 529 71 123 588 567 911 216 526 471 134 21 362 602 813 819 273 849 978 258 563 472 845 293 371 880 403 488 958 277 736 519 618 544 312 290 114 457 597 963 565 620 354 449 951 464 100 978 781 697 218 837 149 135 656 340 746 81 992 830 338 162 831 339 443 
761 438 343 498 462 611 187 875 76 850 927 508 671 8 804 478 332 443 974 0 610 32 66 507 402 634 992 841 742 102 457 842 206 788 727 529 71 123 588 567 911 216 526 471 134 21 362 602 813 819 273 849 978 258 563 472 845 293 371 880 403 488 958 277 736 519 618 544 312 290 114 457 597 963 565 620 354 449 951 464 100 978 781 697 218 837 149 135 656 340 746 81 992 830 338 162 831 339 681 675 
438 343 498 462 611 187 875 76 850 927 508 671 8 804 478 332 443 974 675 610 0 66 507 402 634 992 841 742 102 457 842 206 788 727 529 71 123 588 567 911 216 526 471 134 21 362 602 813 819 273 849 978 258 563 472 845 293 371 880 403 488 958 277 736 519 618 544 312 290 114 457 597 963 565 620 354 449 951 464 100 978 781 697 218 837 149 135 656 340 746 81 992 830 338 162 831 339 681 761 32 
343 498 462 611 187 875 76 850 927 508 671 8 804 478 332 443 974 675 610 32 66 0 402 634 992 841 742 102 457 842 206 788 727 529 71 123 588 567 911 216 526 471 134 21 362 602 813 819 273 849 978 258 563 472 845 293 371 880 403 488 958 277 736 519 618 544 312 290 114 457 597 963 565 620 354 449 951 464 100 978 781 697 218 837 149 135 656 340 746 81 992 830 338 162 831 339 681 761 438 507 
498 462 611 187 875 76 850 927 508 671 8 804 478 332 443 974 675 610 32 66 507 402 0 992 841 742 102 457 842 206 788 727 529 71 123 588 567 911 216 526 471 134 21 362 602 813 819 273 849 978 258 563 472 845 293 371 880 403 488 958 277 736 519 618 544 312 290 114 457 597 963 565 620 354 449 951 464 100 978 781 697 218 837 149 135 656 340 746 81 992 830 338 162 831 339 681 761 438 343 634 
462 611 187 875 76 850 927 508 671 8 804 478 332 443 974 675 610 32 66 507 402 634 992 0 742 102 457 842 206 788 727 529 71 123 588 567 911 216 526 471 134 21 362 602 813 819 273 849 978 258 563 472 845 293 371 880 403 488 958 277 736 519 618 544 312 290 114 457 597 963 565 620 354 449 951 464 100 978 781 697 218 837 149 135 656 340 746 81 992 830 338 162 831 339 681 761 438 343 498 841 
611 187 875 76 850 927 508 671 8 804 478 332 443 974 675 610 32 66 507 402 634 992 841 742 0 457 842 206 788 727 529 71 123 588 567 911 216 526 471 134 21 362 602 813 819 273 849 978 258 563 472 845 293 371 880 403 488 958 277 736 519 618 544 312 290 114 457 597 963 565 620 354 449 951 464 100 978 781 697 218 837 149 135 656 340 746 81 992 830 338 162 831 339 681 761 438 343 498 462 102 
187 875 76 850 927 508 671 8 804 478 332 443 974 675 610 32 66 507 402 634 992 841 742 102 457 0 206 788 727 529 71 123 588 567 911 216 526 471 134 21 362 602 813 819 273 849 978 258 563 472 845 293 371 880 403 488 958 277 736 519 618 544 312 290 114 457 597 963 565 620 354 449 951 464 100 978 781 697 218 837 149 135 656 340 746 81 992 830 338 162 831 339 681 761 438 343 498 462 611 842 
875 76 850 927 508 671 8 804 478 332 443 974 675 610 32 66 507 402 634 992 841 742 102 457 842 206 0 727 529 71 123 588 567 911 216 526 471 134 21 362 602 813 819 273 849 978 258 563 472 845 293 371 880 403 488 958 277 736 519 618 544 312 290 114 457 597 963 565 620 354 449 951 464 100 978 781 697 218 837 149 135 656 340 746 81 992 830 338 162 831 339 681 761 438 343 498 462 611 187 788 
76 850 927 508 671 8 804 478 332 443 974 675 610 32 66 507 402 634 992 841 742 102 457 842 206 788 727 0 71 123 588 567 911 216 526 471 134 21 362 602 813 819 273 849 978 258 563 472 845 293 371 880 403 488 958 277 736 519 618 544 312 290 114 457 597 963 565 620 354 449 951 464 100 978 781 697 218 837 149 135 656 340 746 81 992 830 338 162 831 339 681 761 438 343 498 462 611 187 875 529 
850 927 508 671 8 804 478 332 443 974 675 610 32 66 507 402 634 992 841 742 102 457 842 206 788 727 529 71 0 588 567 911 216 526 471 134 21 362 602 813 819 273 849 978 258 563 472 845 293 371 880 403 488 958 277 736 519 618 544 312 290 114 457 597 963 565 620 354 449 951 464 100 978 781 697 218 837 149 135 656 340 746 81 992 830 338 162 831 339 681 761 438 343 498 462 611 187 875 76 123 
927 508 671 8 804 478 332 443 974 675 610 32 66 507 402 634 992 841 742 102 457 842 206 788 727 529 71 123 588 0 911 216 526 471 134 21 362 602 813 819 273 849 978 258 563 472 845 293 371 880 403 488 958 277 736 519 618 544 312 290 114 457 597 963 565 620 354 449 951 464 100 978 781 697 218 837 149 135 656 340 746 81 992 830 338 162 831 339 681 761 438 343 498 462 611 187 875 76 850 567 
508 671 8 804 478 332 443 974 675 610 32 66 507 402 634 992 841 742 102 457 842 206 788 727 529 71 123 588 567 911 0 526 471 134 21 362 602 813 819 273 849 978 258 563 472 845 293 371 880 403 488 958 277 736 519 618 544 312 290 114 457 597 963 565 620 354 449 951 464 100 978 781 697 218 837 149 135 656 340 746 81 992 830 338 162 831 339 681 761 438 343 498 462 611 187 875 76 850 927 216 
671 8 804 478 332 443 974 675 610 32 66 507 402 634 992 841 742 102 457 842 206 788 727 529 71 123 588 567 911 216 526 0 134 21 362 602 813 819 273 849 978 258 563 472 845 293 371 880 403 488 958 277 736 519 618 544 312 290 114 457 597 963 565 620 354 449 951 464 100 978 781 697 218 837 149 135 656 340 746 81 992 830 338 162 831 339 681 761 438 343 498 462 611 187 875 76 850 927 508 471 
8 804 478 332 443 974 675 610 32 66 507 402 634 992 841 742 102 457 842 206 788 727 529 71 123 588 567 911 216 526 471 134 0 362 602 813 819 273 849 978 258 563 472 845 293 371 880 403 488 958 277 736 519 618 544 312 290 114 457 597 963 565 620 354 449 951 464 100 978 781 697 218 837 149 135 656 340 746 81 992 830 338 162 831 339 681 761 438 343 498 462 611 187 875 76 850 927 508 671 21 
804 478 332 443 974 675 610 32 66 507 402 634 992 841 742 102 457 842 206 788 727 529 71 123 588 567 911 216 526 471 134 21 362 0 813 819 273 849 978 258 563 472 845 293 371 880 403 488 958 277 736 519 618 544 312 290 114 457 597 963 565 620 354 449 951 464 100 978 781 697 218 837 149 135 656 340 746 81 992 830 338 162 831 339 681 761 438 343 498 462 611 187 875 76 850 927 508 671 8 602 
478 332 443 974 675 610 32 66 507 402 634 992 841 742 102 457 842 206 788 727 529 71 123 588 567 911 216 526 471 134 21 362 602 813 0 273 849 978 258 563 472 845 293 371 880 403 488 958 277 736 519 618 544 312 290 114 457 597 963 565 620 354 449 951 464 100 978 781 697 218 837 149 135 656 340 746 81 992 830 338 162 831 339 681 761 438 343 498 462 611 187 875 76 850 927 508 671 8 804 819 
332 443 974 675 610 32 66 507 402 634 992 841 742 102 457 842 206 788 727 529 71 123 588 567 911 216 526 471 134 21 362 602 813 819 273 0 978 258 563 472 845 293 371 880 403 488 958 277 736 519 618 544 312 290 114 457 597 963 565 620 354 449 951 464 100 978 781 697 218 837 149 135 656 340 746 81 992 830 338 162 831 339 681 761 438 343 498 462 611 187 875 76 850 927 508 671 8 804 478 849 
443 974 675 610 32 66 507 402 634 992 841 742 102 457 842 206 788 727 529 71 123 588 567 911 216 526 471 134 21 362 602 813 819 273 849 978 0 563 472 845 293 371 880 403 488 958 277 736 519 618 544 312 290 114 457 597 963 565 620 354 449 951 464 100 978 781 697 218 837 149 135 656 340 746 81 992 830 338 162 831 339 681 761 438 343 498 462 611 187 875 76 850 927 508 671 8 804 478 332 258 
974 675 610 32 66 507 402 634 992 841 742 102 457 842 206 788 727 529 71 123 588 567 911 216 526 471 134 21 362 602 813 819 273 849 978 258 563 0 845 293 371 880 403 488 958 277 736 519 618 544 312 290 114 457 597 963 565 620 354 449 951 464 100 978 781 697 218 837 149 135 656 340 746 81 992 830 338 162 831 339 681 761 438 343 498 462 611 187 875 76 850 927 508 671 8 804 478 332 443 472 
675 610 32 66 507 402 634 992 841 742 102 457 842 206 788 727 529 71 123 588 567 911 216 526 471 134 21 362 602 813 819 273 849 978 258 563 472 845 0 371 880 403 488 958 277 736 519 618 544 312 290 114 457 597 963 565 620 354 449 951 464 100 978 781 697 218 837 149 135 656 340 746 81 992 830 338 162 831 339 681 761 438 343 498 462 611 187 875 76 850 927 508 671 8 804 478 332 443 974 293 
610 32 66 507 402 634 992 841 742 102 457 842 206 788 727 529 71 123 588 567 911 216 526 471 134 21 362 602 813 819 273 849 978 258 563 472 845 293 371 0 403 488 958 277 736 519 618 544 312 290 114 457 597 963 565 620 354 449 951 464 100 978 781 697 218 837 149 135 656 340 746 81 992 830 338 162 831 339 681 761 438 343 498 462 611 187 875 76 850 927 508 671 8 804 478 332 443 974 675 880 
32 66 507 402 634 992 841 742 102 457 842 206 788 727 529 71 123 588 567 911 216 526 471 134 21 362 602 813 819 273 849 978 258 563 472 845 293 371 880 403 0 958 277 736 519 618 544 312 290 114 457 597 963 565 620 354 449 951 464 100 978 781 697 218 837 149 135 656 340 746 81 992 830 338 162 831 339 681 761 438 343 498 462 611 187 875 76 850 927 508 671 8 804 478 332 443 974 675 610 488 
66 507 402 634 992 841 742 102 457 842 206 788 727 529 71 123 588 567 911 216 526 471 134 21 362 602 813 819 273 849 978 258 563 472 845 293 371 880 403 488 958 0 736 519 618 544 312 290 114 457 597 963 565 620 354 449 951 464 100 978 781 697 218 837 149 135 656 340 746 81 992 830 338 162 831 339 681 761 438 343 498 462 611 187 875 76 850 927 508 671 8 804 478 332 443 974 675 610 32 277 
507 402 634 992 841 742 102 457 842 206 788 727 529 71 123 588 567 911 216 526 471 134 21 362 602 813 819 273 849 978 258 563 472 845 293 371 880 403 488 958 277 736 0 618 544 312 290 114 457 597 963 565 620 354 449 951 464 100 978 781 697 218 837 149 135 656 340 746 81 992 830 338 162 831 339 681 761 438 343 498 462 611 187 875 76 850 927 508 671 8 804 478 332 443 974 675 610 32 66 519 
402 634 992 841 742 102 457 842 206 788 727 529 71 123 588 567 911 216 526 471 134 21 362 602 813 819 273 849 978 258 563 472 845 293 371 880 403 488 958 277 736 519 618 0 312 290 114 457 597 963 565 620 354 449 951 464 100 978 781 697 218 837 149 135 656 340 746 81 992 830 338 162 831 339 681 761 438 343 498 462 611 187 875 76 850 927 508 671 8 804 478 332 443 974 675 610 32 66 507 544 
634 992 841 742 102 457 842 206 788 727 529 71 123 588 567 911 216 526 471 134 21 362 602 813 819 273 849 978 258 563 472 845 293 371 880 403 488 958 277 736 519 618 544 312 0 114 457 597 963 565 620 354 449 951 464 100 978 781 697 218 837 149 135 656 340 746 81 992 830 338 162 831 339 681 761 438 343 498 462 611 187 875 76 850 927 508 671 8 804 478 332 443 974 675 610 32 66 507 402 290 
992 841 742 102 457 842 206 788 727 529 71 123 588 567 911 216 526 471 134 21 362 602 813 819 273 849 978 258 563 472 845 293 371 880 403 488 958 277 736 519 618 544 312 290 114 0 597 963 565 620 354 449 951 464 100 978 781 697 218 837 149 135 656 340 746 81 992 830 338 162 831 339 681 761 438 343 498 462 611 187 875 76 850 927 508 671 8 804 478 332 443 974 675 610 32 66 507 402 634 457 
841 742 102 457 842 206 788 727 529 71 123 588 567 911 216 526 471 134 21 362 602 813 819 273 849 978 258 563 472 845 293 371 880 403 488 958 277 736 519 618 544 312 290 114 457 597 0 565 620 354 449 951 464 100 978 781 697 218 837 149 135 656 340 746 81 992 830 338 162 831 339 681 761 438 343 498 462 611 187 875 76 850 927 508 671 8 804 478 332 443 974 675 610 32 66 507 402 634 992 963 
742 102 457 842 206 788 727 529 71 123 588 567 911 216 526 471 134 21 362 602 813 819 273 849 978 258 563 472 845 293 371 880 403 488 958 277 736 519 618 544 312 290 114 457 597 963 565 0 354 449 951 464 100 978 781 697 218 837 149 135 656 340 746 81 992 830 338 162 831 339 681 761 438 343 498 462 611 187 875 76 850 927 508 671 8 804 478 332 443 974 675 610 32 66 507 402 634 992 841 620 
102 457 842 206 788 727 529 71 123 588 567 911 216 526 471 134 21 362 602 813 819 273 849 978 258 563 472 845 293 371 880 403 488 958 277 736 519 618 544 312 290 114 457 597 963 565 620 354 0 951 464 100 978 781 697 218 837 149 135 656 340 746 81 992 830 338 162 831 339 681 761 438 343 498 462 611 187 875 76 850 927 508 671 8 804 478 332 443 974 675 610 32 66 507 402 634 992 841 742 449 
457 842 206 788 727 529 71 123 588 567 911 216 526 471 134 21 362 602 813 819 273 849 978 258 563 472 845 293 371 880 403 488 958 277 736 519 618 544 312 290 114 457 597 963 565 620 354 449 951 0 100 978 781 697 218 837 149 135 656 340 746 81 992 830 338 162 831 339 681 761 438 343 498 462 611 187 875 76 850 927 508 671 8 804 478 332 443 974 675 610 32 66 507 402 634 992 841 742 102 464 
842 206 788 727 529 71 123 588 567 911 216 526 471 134 21 362 602 813 819 273 849 978 258 563 472 845 293 371 880 403 488 958 277 736 519 618 544 312 290 114 457 597 963 565 620 354 449 951 464 100 0 781 697 218 837 149 135 656 340 746 81 992 830 338 162 831 339 681 761 438 343 498 462 611 187 875 76 850 927 508 671 8 804 478 332 443 974 675 610 32 66 507 402 634 992 841 742 102 457 978 
206 788 727 529 71 123 588 567 911 216 526 471 134 21 362 602 813 819 273 849 978 258 563 472 845 293 371 880 403 488 958 277 736 519 618 544 312 290 114 457 597 963 565 620 354 449 951 464 100 978 781 0 218 837 149 135 656 340 746 81 992 830 338 162 831 339 681 761 438 343 498 462 611 187 875 76 850 927 508 671 8 804 478 332 443 974 675 610 32 66 507 402 634 992 841 742 102 457 842 697 
788 727 529 71 123 588 567 911 216 526 471 134 21 362 602 813 819 273 849 978 258 563 472 845 293 371 880 403 488 958 277 736 519 618 544 312 290 114 457 597 963 565 620 354 449 951 464 100 978 781 697 218 0 149 135 656 340 746 81 992 830 338 162 831 339 681 761 438 343 498 462 611 187 875 76 850 927 508 671 8 804 478 332 443 974 675 610 32 66 507 402 634 992 841 742 102 457 842 206 837 
727 529 71 123 588 567 911 216 526 471 134 21 362 602 813 819 273 849 978 258 563 472 845 293 371 880 403 488 958 277 736 519 618 544 312 290 114 457 597 963 565 620 354 449 951 464 100 978 781 697 218 837 149 0 656 340 746 81 992 830 338 162 831 339 681 761 438 343 498 462 611 187 875 76 850 927 508 671 8 804 478 332 443 974 675 610 32 66 507 402 634 992 841 742 102 457 842 206 788 135 
529 71 123 588 567 911 216 526 471 134 21 362 602 813 819 273 849 978 258 563 472 845 293 371 880 403 488 958 277 736 519 618 544 312 290 114 457 597 963 565 620 354 449 951 464 100 978 781 697 218 837 149 135 656 0 746 81 992 830 338 162 831 339 681 761 438 343 498 462 611 187 875 76 850 927 508 671 8 804 478 332 443 974 675 610 32 66 507 402 634 992 841 742 102 457 842 206 788 727 340 
71 123 588 567 911 216 526 471 134 21 362 602 813 819 273 849 978 258 563 472 845 293 371 880 403 488 958 277 736 519 618 544 312 290 114 457 597 963 565 620 354 449 951 464 100 978 781 697 218 837 149 135 656 340 746 0 992 830 338 162 831 339 681 761 438 343 498 462 611 187 875 76 850 927 508 671 8 804 478 332 443 974 675 610 32 66 507 402 634 992 841 742 102 457 842 206 788 727 529 81 
123 588 567 911 216 526 471 134 21 362 602 813 819 273 849 978 258 563 472 845 293 371 880 403 488 958 277 736 519 618 544 312 290 114 457 597 963 565 620 354 449 951 464 100 978 781 697 218 837 149 135 656 340 746 81 992 0 338 162 831 339 681 761 438 343 498 462 611 187 875 76 850 927 508 671 8 804 478 332 443 974 675 610 32 66 507 402 634 992 841 742 102 457 842 206 788 727 529 71 830 
588 567 911 216 526 471 134 21 362 602 813 819 273 849 978 258 563 472 845 293 371 880 403 488 958 277 736 519 618 544 312 290 114 457 597 963 565 620 354 449 951 464 100 978 781 697 218 837 149 135 656 340 746 81 992 830 338 0 831 339 681 761 438 343 498 462 611 187 875 76 850 927 508 671 8 804 478 332 443 974 675 610 32 66 507 402 634 992 841 742 102 457 842 206 788 727 529 71 123 162 
567 911 216 526 471 134 21 362 602 813 819 273 849 978 258 563 472 845 293 371 880 403 488 958 277 736 519 618 544 312 290 114 457 597 963 565 620 354 449 951 464 100 978 781 697 218 837 149 135 656 340 746 81 992 830 338 162 831 0 681 761 438 343 498 462 611 187 875 76 850 927 508 671 8 804 478 332 443 974 675 610 32 66 507 402 634 992 841 742 102 457 842 206 788 727 529 71 123 588 339 
911 216 526 471 134 21 362 602 813 819 273 849 978 258 563 472 845 293 371 880 403 488 958 277 736 519 618 544 312 290 114 457 597 963 565 620 354 449 951 464 100 978 781 697 218 837 149 135 656 340 746 81 992 830 338 162 831 339 681 0 438 343 498 462 611 187 875 76 850 927 508 671 8 804 478 332 443 974 675 610 32 66 507 402 634 992 841 742 102 457 842 206 788 727 529 71 123 588 567 761 
216 526 471 134 21 362 602 813 819 273 849 978 258 563 472 845 293 371 880 403 488 958 277 736 519 618 544 312 290 114 457 597 963 565 620 354 449 951 464 100 978 781 697 218 837 149 135 656 340 746 81 992 830 338 162 831 339 681 761 438 0 498 462 611 187 875 76 850 927 508 671 8 804 478 332 443 974 675 610 32 66 507 402 634 992 841 742 102 457 842 206 788 727 529 71 123 588 567 911 343 
526 471 134 21 362 602 813 819 273 849 978 258 563 472 845 293 371 880 403 488 958 277 736 519 618 544 312 290 114 457 597 963 565 620 354 449 951 464 100 978 781 697 218 837 149 135 656 340 746 81 992 830 338 162 831 339 681 761 438 343 498 0 611 187 875 76 850 927 508 671 8 804 478 332 443 974 675 610 32 66 507 402 634 992 841 742 102 457 842 206 788 727 529 71 123 588 567 911 216 462 
471 134 21 362 602 813 819 273 849 978 258 563 472 845 293 371 880 403 488 958 277 736 519 618 544 312 290 114 457 597 963 565 620 354 449 951 464 100 978 781 697 218 837 149 135 656 340 746 81 992 830 338 162 831 339 681 761 438 343 498 462 611 0 875 76 850 927 508 671 8 804 478 332 443 974 675 610 32 66 507 402 634 992 841 742 102 457 842 206 788 727 529 71 123 588 567 911 216 526 187 
134 21 362 602 813 819 273 849 978 258 563 472 845 293 371 880 403 488 958 277 736 519 618 544 312 290 114 457 597 963 565 620 354 449 951 464 100 978 781 697 218 837 149 135 656 340 746 81 992 830 338 162 831 339 681 761 438 343 498 462 611 187 875 0 850 927 508 671 8 804 478 332 443 974 675 610 32 66 507 402 634 992 841 742 102 457 842 206 788 727 529 71 123 588 567 911 216 526 471 76 
21 362 602 813 819 273 849 978 258 563 472 845 293 371 880 403 488 958 277 736 519 618 544 312 290 114 457 597 963 565 620 354 449 951 464 100 978 781 697 218 837 149 135 656 340 746 81 992 830 338 162 831 339 681 761 438 343 498 462 611 187 875 76 850 0 508 671 8 804 478 332 443 974 675 610 32 66 507 402 634 992 841 742 102 457 842 206 788 727 529 71 123 588 567 911 216 526 471 134 927 
362 602 813 819 273 849 978 258 563 472 845 293 371 880 403 488 958 277 736 519 618 544 312 290 114 457 597 963 565 620 354 449 951 464 100 978 781 697 218 837 149 135 656 340 746 81 992 830 338 162 831 339 681 761 438 343 498 462 611 187 875 76 850 927 508 0 8 804 478 332 443 974 675 610 32 66 507 402 634 992 841 742 102 457 842 206 788 727 529 71 123 588 567 911 216 526 471 134 21 671 
602 813 819 273 849 978 258 563 472 845 293 371 880 403 488 958 277 736 519 618 544 312 290 114 457 597 963 565 620 354 449 951 464 100 978 781 697 218 837 149 135 656 340 746 81 992 830 338 162 831 339 681 761 438 343 498 462 611 187 875 76 850 927 508 671 8 0 478 332 443 974 675 610 32 66 507 402 634 992 841 742 102 457 842 206 788 727 529 71 123 588 567 911 216 526 471 134 21 362 804 
813 819 273 849 978 258 563 472 845 293 371 880 403 488 958 277 736 519 618 544 312 290 114 457 597 963 565 620 354 449 951 464 100 978 781 697 218 837 149 135 656 340 746 81 992 830 338 162 831 339 681 761 438 343 498 462 611 187 875 76 850 927 508 671 8 804 478 0 443 974 675 610 32 66 507 402 634 992 841 742 102 457 842 206 788 727 529 71 123 588 567 911 216 526 471 134 21 362 602 332 
819 273 849 978 258 563 472 845 293 371 880 403 488 958 277 736 519 618 544 312 290 114 457 597 963 565 620 354 449 951 464 100 978 781 697 218 837 149 135 656 340 746 81 992 830 338 162 831 339 681 761 438 343 498 462 611 187 875 76 850 927 508 671 8 804 478 332 443 0 675 610 32 66 507 402 634 992 841 742 102 457 842 206 788 727 529 71 123 588 567 911 216 526 471 134 21 362 602 813 974 
273 849 978 258 563 472 845 293 371 880 403 488 958 277 736 519 618 544 312 290 114 457 597 963 565 620 354 449 951 464 100 978 781 697 218 837 149 135 656 340 746 81 992 830 338 162 831 339 681 761 438 343 498 462 611 187 875 76 850 927 508 671 8 804 478 332 443 974 675 0 32 66 507 402 634 992 841 742 102 457 842 206 788 727 529 71 123 588 567 911 216 526 471 134 21 362 602 813 819 610 
849 978 258 563 472 845 293 371 880 403 488 958 277 736 519 618 544 312 290 114 457 597 963 565 620 354 449 951 464 100 978 781 697 218 837 149 135 656 340 746 81 992 830 338 162 831 339 681 761 438 343 498 462 611 187 875 76 850 927 508 671 8 804 478 332 443 974 675 610 32 0 507 402 634 992 841 742 102 457 842 206 788 727 529 71 123 588 567 911 216 526 471 134 21 362 602 813 819 273 66 
978 258 563 472 845 293 371 880 403 488 958 277 736 519 618 544 312 290 114 457 597 963 565 620 354 449 951 464 100 978 781 697 218 837 149 135 656 340 746 81 992 830 338 162 831 339 681 761 438 343 498 462 611 187 875 76 850 927 508 671 8 804 478 332 443 974 675 610 32 66 507 0 634 992 841 742 102 457 842 206 788 727 529 71 123 588 567 911 216 526 471 134 21 362 602 813 819 273 849 402 
258 563 472 845 293 371 880 403 488 958 277 736 519 618 544 312 290 114 457 597 963 565 620 354 449 951 464 100 978 781 697 218 837 149 135 656 340 746 81 992 830 338 162 831 339 681 761 438 343 498 462 611 187 875 76 850 927 508 671 8 804 478 332 443 974 675 610 32 66 507 402 634 0 841 742 102 457 842 206 788 727 529 71 123 588 567 911 216 526 471 134 21 362 602 813 819 273 849 978 992 
563 472 845 293 371 880 403 488 958 277 736 519 618 544 312 290 114 457 597 963 565 620 354 449 951 464 100 978 781 697 218 837 149 135 656 340 746 81 992 830 338 162 831 339 681 761 438 343 498 462 611 187 875 76 850 927 508 671 8 804 478 332 443 974 675 610 32 66 507 402 634 992 841 0 102 457 842 206 788 727 529 71 123 588 567 911 216 526 471 134 21 362 602 813 819 273 849 978 258 742 
472 845 293 371 880 403 488 958 277 736 519 618 544 312 290 114 457 597 963 565 620 354 449 951 464 100 978 781 697 218 837 149 135 656 340 746 81 992 830 338 162 831 339 681 761 438 343 498 462 611 187 875 76 850 927 508 671 8 804 478 332 443 974 675 610 32 66 507 402 634 992 841 742 102 0 842 206 788 727 529 71 123 588 567 911 216 526 471 134 21 362 602 813 819 273 849 978 258 563 457 
845 293 371 880 403 488 958 277 736 519 618 544 312 290 114 457 597 963 565 620 354 449 951 464 100 978 781 697 218 837 149 135 656 340 746 81 992 830 338 162 831 339 681 761 438 343 498 462 611 187 875 76 850 927 508 671 8 804 478 332 443 974 675 610 32 66 507 402 634 992 841 742 102 457 842 0 788 727 529 71 123 588 567 911 216 526 471 134 21 362 602 813 819 273 849 978 258 563 472 206 
293 371 880 403 488 958 277 736 519 618 544 312 290 114 457 597 963 565 620 354 449 951 464 100 978 781 697 218 837 149 135 656 340 746 81 992 830 338 162 831 339 681 761 438 343 498 462 611 187 875 76 850 927 508 671 8 804 478 332 443 974 675 610 32 66 507 402 634 992 841 742 102 457 842 206 788 0 529 71 123 588 567 911 216 526 471 134 21 362 602 813 819 273 849 978 258 563 472 845 727 
371 880 403 488 958 277 736 519 618 544 312 290 114 457 597 963 565 620 354 449 951 464 100 978 781 697 218 837 149 135 656 340 746 81 992 830 338 162 831 339 681 761 438 343 498 462 611 187 875 76 850 927 508 671 8 804 478 332 443 974 675 610 32 66 507 402 634 992 841 742 102 457 842 206 788 727 529 0 123 588 567 911 216 526 471 134 21 362 602 813 819 273 849 978 258 563 472 845 293 71 
880 403 488 958 277 736 519 618 544 312 290 114 457 597 963 565 620 354 449 951 464 100 978 781 697 218 837 149 135 656 340 746 81 992 830 338 162 831 339 681 761 438 343 498 462 611 187 875 76 850 927 508 671 8 804 478 332 443 974 675 610 32 66 507 402 634 992 841 742 102 457 842 206 788 727 529 71 123 0 567 911 216 526 471 134 21 362 602 813 819 273 849 978 258 563 472 845 293 371 588 
403 488 958 277 736 519 618 544 312 290 114 457 597 963 565 620 354 449 951 464 100 978 781 697 218 837 149 135 656 340 746 81 992 830 338 162 831 339 681 761 438 343 498 462 611 187 875 76 850 927 508 671 8 804 478 332 443 974 675 610 32 66 507 402 634 992 841 742 102 457 842 206 788 727 529 71 123 588 567 0 216 526 471 134 21 362 602 813 819 273 849 978 258 563 472 845 293 371 880 911 
488 958 277 736 519 618 544 312 290 114 457 597 963 565 620 354 449 951 464 100 978 781 697 218 837 149 135 656 340 746 81 992 830 338 162 831 339 681 761 438 343 498 462 611 187 875 76 850 927 508 671 8 804 478 332 443 974 675 610 32 66 507 402 634 992 841 742 102 457 842 206 788 727 529 71 123 588 567 911 216 0 471 134 21 362 602 813 819 273 849 978 258 563 472 845 293 371 880 403 526 
958 277 736 519 618 544 312 290 114 457 597 963 565 620 354 449 951 464 100 978 781 697 218 837 149 135 656 340 746 81 992 830 338 162 831 339 681 761 438 343 498 462 611 187 875 76 850 927 508 671 8 804 478 332 443 974 675 610 32 66 507 402 634 992 841 742 102 457 842 206 788 727 529 71 123 588 567 911 216 526 471 0 21 362 602 813 819 273 849 978 258 563 472 845 293 371 880 403 488 134 
277 736 519 618 544 312 290 114 457 597 963 565 620 354 449 951 464 100 978 781 697 218 837 149 135 656 340 746 81 992 830 338 162 831 339 681 761 438 343 498 462 611 187 875 76 850 927 508 671 8 804 478 332 443 974 675 610 32 66 507 402 634 992 841 742 102 457 842 206 788 727 529 71 123 588 567 911 216 526 471 134 21 0 602 813 819 273 849 978 258 563 472 845 293 371 880 403 488 958 362 
736 519 618 544 312 290 114 457 597 963 565 620 354 449 951 464 100 978 781 697 218 837 149 135 656 340 746 81 992 830 338 162 831 339 681 761 438 343 498 462 611 187 875 76 850 927 508 671 8 804 478 332 443 974 675 610 32 66 507 402 634 992 841 742 102 457 842 206 788 727 529 71 123 588 567 911 216 526 471 134 21 362 602 0 819 273 849 978 258 563 472 845 293 371 880 403 488 958 277 813 
519 618 544 312 290 114 457 597 963 565 620 354 449 951 464 100 978 781 697 218 837 149 135 656 340 746 81 992 830 338 162 831 339 681 761 438 343 498 462 611 187 875 76 850 927 508 671 8 804 478 332 443 974 675 610 32 66 507 402 634 992 841 742 102 457 842 206 788 727 529 71 123 588 567 911 216 526 471 134 21 362 602 813 819 0 849 978 258 563 472 845 293 371 880 403 488 958 277 736 273 
618 544 312 290 114 457 597 963 565 620 354 449 951 464 100 978 781 697 218 837 149 135 656 340 746 81 992 830 338 162 831 339 681 761 438 343 498 462 611 187 875 76 850 927 508 671 8 804 478 332 443 974 675 610 32 66 507 402 634 992 841 742 102 457 842 206 788 727 529 71 123 588 567 911 216 526 471 134 21 362 602 813 819 273 849 0 258 563 472 845 293 371 880 403 488 958 277 736 519 978 
544 312 290 114 457 597 963 565 620 354 449 951 464 100 978 781 697 218 837 149 135 656 340 746 81 992 830 338 162 831 339 681 761 438 343 498 462 611 187 875 76 850 927 508 671 8 804 478 332 443 974 675 610 32 66 507 402 634 992 841 742 102 457 842 206 788 727 529 71 123 588 567 911 216 526 471 134 21 362 602 813 819 273 849 978 258 0 472 845 293 371 880 403 488 958 277 736 519 618 563 
312 290 114 457 597 963 565 620 354 449 951 464 100 978 781 697 218 837 149 135 656 340 746 81 992 830 338 162 831 339 681 761 438 343 498 462 611 187 875 76 850 927 508 671 8 804 478 332 443 974 675 610 32 66 507 402 634 992 841 742 102 457 842 206 788 727 529 71 123 588 567 911 216 526 471 134 21 362 602 813 819 273 849 978 258 563 472 0 293 371 880 403 488 958 277 736 519 618 544 845 
290 114 457 597 963 565 620 354 449 951 464 100 978 781 697 218 837 149 135 656 340 746 81 992 830 338 162 831 339 681 761 438 343 498 462 611 187 875 76 850 927 508 671 8 804 478 332 443 974 675 610 32 66 507 402 634 992 841 742 102 457 842 206 788 727 529 71 123 588 567 911 216 526 471 134 21 362 602 813 819 273 849 978 258 563 472 845 293 0 880 403 488 958 277 736 519 618 544 312 371 
114 457 597 963 565 620 354 449 951 464 100 978 781 697 218 837 149 135 656 340 746 81 992 830 338 162 831 339 681 761 438 343 498 462 611 187 875 76 850 927 508 671 8 804 478 332 443 974 675 610 32 66 507 402 634 992 841 742 102 457 842 206 788 727 529 71 123 588 567 911 216 526 471 134 21 362 602 813 819 273 849 978 258 563 472 845 293 371 880 0 488 958 277 736 519 618 544 312 290 403 
457 597 963 565 620 354 449 951 464 100 978 781 697 218 837 149 135 656 340 746 81 992 830 338 162 831 339 681 761 438 343 498 462 611 187 875 76 850 927 508 671 8 804 478 332 443 974 675 610 32 66 507 402 634 992 841 742 102 457 842 206 788 727 529 71 123 588 567 911 216 526 471 134 21 362 602 813 819 273 849 978 258 563 472 845 293 371 880 403 488 0 277 736 519 618 544 312 290 114 958 
597 963 565 620 354 449 951 464 100 978 781 697 218 837 149 135 656 340 746 81 992 830 338 162 831 339 681 761 438 343 498 462 611 187 875 76 850 927 508 671 8 804 478 332 443 974 675 610 32 66 507 402 634 992 841 742 102 457 842 206 788 727 529 71 123 588 567 911 216 526 471 134 21 362 602 813 819 273 849 978 258 563 472 845 293 371 880 403 488 958 277 0 519 618 544 312 290 114 457 736 
963 565 620 354 449 951 464 100 978 781 697 218 837 149 135 656 340 746 81 992 830 338 162 831 339 681 761 438 343 498 462 611 187 875 76 850 927 508 671 8 804 478 332 443 974 675 610 32 66 507 402 634 992 841 742 102 457 842 206 788 727 529 71 123 588 567 911 216 526 471 134 21 362 602 813 819 273 849 978 258 563 472 845 293 371 880 403 488 958 277 736 519 0 544 312 290 114 457 597 618 
565 620 354 449 951 464 100 978 781 697 218 837 149 135 656 340 746 81 992 830 338 162 831 339 681 761 438 343 498 462 611 187 875 76 850 927 508 671 8 804 478 332 443 974 675 610 32 66 507 402 634 992 841 742 102 457 842 206 788 727 529 71 123 588 567 911 216 526 471 134 21 362 602 813 819 273 849 978 258 563 472 845 293 371 880 403 488 958 277 736 519 618 544 0 290 114 457 597 963 312 
620 354 449 951 464 100 978 781 697 218 837 149 135 656 340 746 81 992 830 338 162 831 339 681 761 438 343 498 462 611 187 875 76 850 927 508 671 8 804 478 332 443 974 675 610 32 66 507 402 634 992 841 742 102 457 842 206 788 727 529 71 123 588 567 911 216 526 471 134 21 362 602 813 819 273 849 978 258 563 472 845 293 371 880 403 488 958 277 736 519 618 544 312 290 0 457 597 963 565 114 
354 449 951 464 100 978 781 697 218 837 149 135 656 340 746 81 992 830 338 162 831 339 681 761 438 343 498 462 611 187 875 76 850 927 508 671 8 804 478 332 443 974 675 610 32 66 507 402 634 992 841 742 102 457 842 206 788 727 529 71 123 588 567 911 216 526 471 134 21 362 602 813 819 273 849 978 258 563 472 845 293 371 880 403 488 958 277 736 519 618 544 312 290 114 457 0 963 565 620 597 
449 951 464 100 978 781 697 218 837 149 135 656 340 746 81 992 830 338 162 831 339 681 761 438 343 498 462 611 187 875 76 850 927 508 671 8 804 478 332 443 974 675 610 32 66 507 402 634 992 841 742 102 457 842 206 788 727 529 71 123 588 567 911 216 526 471 134 21 362 602 813 819 273 849 978 258 563 472 845 293 371 880 403 488 958 277 736 519 618 544 312 290 114 457 597 963 0 620 354 565 
951 464 100 978 781 697 218 837 149 135 656 340 746 81 992 830 338 162 831 339 681 761 438 343 498 462 611 187 875 76 850 927 508 671 8 804 478 332 443 974 675 610 32 66 507 402 634 992 841 742 102 457 842 206 788 727 529 71 123 588 567 911 216 526 471 134 21 362 602 813 819 273 849 978 258 563 472 845 293 371 880 403 488 958 277 736 519 618 544 312 290 114 457 597 963 565 620 0 449 354 
464 100 978 781 697 218 837 149 135 656 340 746 81 992 830 338 162 831 339 681 761 438 343 498 462 611 187 875 76 850 927 508 671 8 804 478 332 443 974 675 610 32 66 507 402 634 992 841 742 102 457 842 206 788 727 529 71 123 588 567 911 216 526 471 134 21 362 602 813 819 273 849 978 258 563 472 845 293 371 880 403 488 958 277 736 519 618 544 312 290 114 457 597 963 565 620 354 449 0 951 
100 781 218 149 656 746 992 338 831 681 438 498 611 875 850 508 8 478 443 675 32 507 634 841 102 842 788 529 123 567 216 471 21 602 819 849 258 472 293 880 488 277 519 544 290 457 963 620 449 464 978 697 837 135 340 81 830 162 339 761 343 462 187 76 927 671 804 332 974 610 66 402 992 742 457 206 727 71 588 911 526 134 362 813 273 978 563 845 371 403 958 736 618 312 114 597 565 354 951 0 
