0 91 906 202 865 318 778 722 284 566 671 990 314 869 133 740 106 726 7 997 18 99 61 212 984 746 241 317 170 808 265 882 318 115 208 600 987 588 422 557 203 491 705 983 15 323 545 649 987 636 409 111 942 693 664 231 949 927 539 716 522 593 393 169 43 129 264 175 103 220 719 789 142 920 586 124 639 199 463 336 54 116 555 655 375 585 596 704 551 5 236 641 834 640 675 498 981 623 841 666 
91 0 202 865 318 778 722 284 566 671 990 314 869 133 740 106 726 7 997 18 99 61 212 984 746 241 317 170 808 265 882 318 115 208 600 987 588 422 557 203 491 705 983 15 323 545 649 987 636 409 111 942 693 664 231 949 927 539 716 522 593 393 169 43 129 264 175 103 220 719 789 142 920 586 124 639 199 463 336 54 116 555 655 375 585 596 704 551 5 236 641 834 640 675 498 981 623 841 666 906 
906 202 0 318 778 722 284 566 671 990 314 869 133 740 106 726 7 997 18 99 61 212 984 746 241 317 170 808 265 882 318 115 208 600 987 588 422 557 203 491 705 983 15 323 545 649 987 636 409 111 942 693 664 231 949 927 539 716 522 593 393 169 43 129 264 175 103 220 719 789 142 920 586 124 639 199 463 336 54 116 555 655 375 585 596 704 551 5 236 641 834 640 675 498 981 623 841 666 91 865 
202 865 318 0 722 284 566 671 990 314 869 133 740 106 726 7 997 18 99 61 212 984 746 241 317 170 808 265 882 318 115 208 600 987 588 422 557 203 491 705 983 15 323 545 649 987 636 409 111 942 693 664 231 949 927 539 716 522 593 393 169 43 129 264 175 103 220 719 789 142 920 586 124 639 199 463 336 54 116 555 655 375 585 596 704 551 5 236 641 834 640 675 498 981 623 841 666 91 906 778 
865 318 778 722 0 566 671 990 314 869 133 740 106 726 7 997 18 99 61 212 984 746 241 317 170 808 265 882 318 115 208 600 987 588 422 557 203 491 705 983 15 323 545 649 987 636 409 111 942 693 664 231 949 927 539 716 522 593 393 169 43 129 264 175 103 220 719 789 142 920 586 124 639 199 463 336 54 116 555 655 375 585 596 704 551 5 236 641 834 640 675 498 981 623 841 666 91 906 202 284 
318 778 722 284 566 0 990 314 869 133 740 106 726 7 997 18 99 61 212 984 746 241 317 170 808 265 882 318 115 208 600 987 588 422 557 203 491 705 983 15 323 545 649 987 636 409 111 942 693 664 231 949 927 539 716 522 593 393 169 43 129 264 175 103 220 719 789 142 920 586 124 639 199 463 336 54 116 555 655 375 585 596 704 551 5 236 641 834 640 675 498 981 623 841 666 91 906 202 865 671 
778 722 284 566 671 990 0 869 133 740 106 726 7 997 18 99 61 212 984 746 241 317 170 808 265 882 318 115 208 600 987 588 422 557 203 491 705 983 15 323 545 649 987 636 409 111 942 693 664 231 949 927 539 716 522 593 393 169 43 129 264 175 103 220 719 789 142 920 586 124 639 199 463 336 54 116 555 655 375 585 596 704 551 5 236 641 834 640 675 498 981 623 841 666 91 906 202 865 318 314 
722 284 566 671 990 314 869 0 740 106 726 7 997 18 99 61 212 984 746 241 317 170 808 265 882 318 115 208 600 987 588 422 557 203 491 705 983 15 323 545 649 987 636 409 111 942 693 664 231 949 927 539 716 522 593 393 169 43 129 264 175 103 220 719 789 142 920 586 124 639 199 463 336 54 116 555 655 375 585 596 704 551 5 236 641 834 640 675 498 981 623 841 666 91 906 202 865 318 778 133 
284 566 671 990 314 869 133 740 0 726 7 997 18 99 61 212 984 746 241 317 170 808 265 882 318 115 208 600 987 588 422 557 203 491 705 983 15 323 545 649 987 636 409 111 942 693 664 231 949 927 539 716 522 593 393 169 43 129 264 175 103 220 719 789 142 920 586 124 639 199 463 336 54 116 555 655 375 585 596 704 551 5 236 641 834 640 675 498 981 623 841 666 91 906 202 865 318 778 722 106 
566 671 990 314 869 133 740 106 726 0 997 18 99 61 212 984 746 241 317 170 808 265 882 318 115 208 600 987 588 422 557 203 491 705 983 15 323 545 649 987 636 409 111 942 693 664 231 949 927 539 716 522 593 393 169 43 129 264 175 103 220 719 789 142 920 586 124 639 199 463 336 54 116 555 655 375 585 596 704 551 5 236 641 834 640 675 498 981 623 841 666 91 906 202 865 318 778 722 284 7 
671 990 314 869 133 740 106 726 7 997 0 99 61 212 984 746 241 317 170 808 265 882 318 115 208 600 987 588 422 557 203 491 705 983 15 323 545 649 987 636 409 111 942 693 664 231 949 927 539 716 522 593 393 169 43 129 264 175 103 220 719 789 142 920 586 124 639 199 463 336 54 116 555 655 375 585 596 704 551 5 236 641 834 640 675 498 981 623 841 666 91 906 202 865 318 778 722 284 566 18 
990 314 869 133 740 106 726 7 997 18 99 0 212 984 746 241 317 170 808 265 882 318 115 208 600 987 588 422 557 203 491 705 983 15 323 545 649 987 636 409 111 942 693 664 231 949 927 539 716 522 593 393 169 43 129 264 175 103 220 719 789 142 920 586 124 639 199 463 336 54 116 555 655 375 585 596 704 551 5 236 641 834 640 675 498 981 623 841 666 91 906 202 865 318 778 722 284 566 671 61 
314 869 133 740 106 726 7 997 18 99 61 212 0 746 241 317 170 808 265 882 318 115 208 600 987 588 422 557 203 491 705 983 15 323 545 649 987 636 409 111 942 693 664 231 949 927 539 716 522 593 393 169 43 129 264 175 103 220 719 789 142 920 586 124 639 199 463 336 54 116 555 655 375 585 596 704 551 5 236 641 834 640 675 498 981 623 841 666 91 906 202 865 318 778 722 284 566 671 990 984 
869 133 740 106 726 7 997 18 99 61 212 984 746 0 317 170 808 265 882 318 115 208 600 987 588 422 557 203 491 705 983 15 323 545 649 987 636 409 111 942 693 664 231 949 927 539 716 522 593 393 169 43 129 264 175 103 220 719 789 142 920 586 124 639 199 463 336 54 116 555 655 375 585 596 704 551 5 236 641 834 640 675 498 981 623 841 666 91 906 202 865 318 778 722 284 566 671 990 314 241 
133 740 106 726 7 997 18 99 61 212 984 746 241 317 0 808 265 882 318 115 208 600 987 588 422 557 203 491 705 983 15 323 545 649 987 636 409 111 942 693 664 231 949 927 539 716 522 593 393 169 43 129 264 175 103 220 719 789 142 920 586 124 639 199 463 336 54 116 555 655 375 585 596 704 551 5 236 641 834 640 675 498 981 623 841 666 91 906 202 865 318 778 722 284 566 671 990 314 869 170 
740 106 726 7 997 18 99 61 212 984 746 241 317 170 808 0 882 318 115 208 600 987 588 422 557 203 491 705 983 15 323 545 649 987 636 409 111 942 693 664 231 949 927 539 716 522 593 393 169 43 129 264 175 103 220 719 789 142 920 586 124 639 199 463 336 54 116 555 655 375 585 596 704 551 5 236 641 834 640 675 498 981 623 841 666 91 906 202 865 318 778 722 284 566 671 990 314 869 133 265 
106 726 7 997 18 99 61 212 984 746 241 317 170 808 265 882 0 115 208 600 987 588 422 557 203 491 705 983 15 323 545 649 987 636 409 111 942 693 664 231 949 927 539 716 522 593 393 169 43 129 264 175 103 220 719 789 142 920 586 124 639 199 463 336 54 116 555 655 375 585 596 704 551 5 236 641 834 640 675 498 981 623 841 666 91 906 202 865 318 778 722 284 566 671 990 314 869 133 740 318 
726 7 997 18 99 61 212 984 746 241 317 170 808 265 882 318 115 0 600 987 588 422 557 203 491 705 983 15 323 545 649 987 636 409 111 942 693 664 231 949 927 539 716 522 593 393 169 43 129 264 175 103 220 719 789 142 920 586 124 639 199 463 336 54 116 555 655 375 585 596 704 551 5 236 641 834 640 675 498 981 623 841 666 91 906 202 865 318 778 722 284 566 671 990 314 869 133 740 106 208 
7 997 18 99 61 212 984 746 241 317 170 808 265 882 318 115 208 600 0 588 422 557 203 491 705 983 15 323 545 649 987 636 409 111 942 693 664 231 949 927 539 716 522 593 393 169 43 129 264 175 103 220 719 789 142 920 586 124 639 199 463 336 54 116 555 655 375 585 596 704 551 5 236 641 834 640 675 498 981 623 841 666 91 906 202 865 318 778 722 284 566 671 990 314 869 133 740 106 726 987 
997 18 99 61 212 984 746 241 317 170 808 265 882 318 115 208 600 987 588 0 557 203 491 705 983 15 323 545 649 987 636 409 111 942 693 664 231 949 927 539 716 522 593 393 169 43 129 264 175 103 220 719 789 142 920 586 124 639 199 463 336 54 116 555 655 375 585 596 704 551 5 236 641 834 640 675 498 981 623 841 666 91 906 202 865 318 778 722 284 566 671 990 314 869 133 740 106 726 7 422 
18 99 61 212 984 746 241 317 170 808 265 882 318 115 208 600 987 588 422 557 0 491 705 983 15 323 545 649 987 636 409 111 942 693 664 231 949 927 539 716 522 593 393 169 43 129 264 175 103 220 719 789 142 920 586 124 639 199 463 336 54 116 555 655 375 585 596 704 551 5 236 641 834 640 675 498 981 623 841 666 91 906 202 865 318 778 722 284 566 671 990 314 869 133 740 106 726 7 997 203 
99 61 212 984 746 241 317 170 808 265 882 318 115 208 600 987 588 422 557 203 491 0 983 15 323 545 649 987 636 409 111 942 693 664 231 949 927 539 716 522 593 393 169 43 129 264 175 103 220 719 789 142 920 586 124 639 199 463 336 54 116 555 655 375 585 596 704 551 5 236 641 834 640 675 498 981 623 841 666 91 906 202 865 318 778 722 284 566 671 990 314 869 133 740 106 726 7 997 18 705 
61 212 984 746 241 317 170 808 265 882 318 115 208 600 987 588 422 557 203 491 705 983 0 323 545 649 987 636 409 111 942 693 664 231 949 927 539 716 522 593 393 169 43 129 264 175 103 220 719 789 142 920 586 124 639 199 463 336 54 116 555 655 375 585 596 704 551 5 236 641 834 640 675 498 981 623 841 666 91 906 202 865 318 778 722 284 566 671 990 314 869 133 740 106 726 7 997 18 99 15 
212 984 746 241 317 170 808 265 882 318 115 208 600 987 588 422 557 203 491 705 983 15 323 0 649 987 636 409 111 942 693 664 231 949 927 539 716 522 593 393 169 43 129 264 175 103 220 719 789 142 920 586 124 639 199 463 336 54 116 555 655 375 585 596 704 551 5 236 641 834 640 675 498 981 623 841 666 91 906 202 865 318 778 722 284 566 671 990 314 869 133 740 106 726 7 997 18 99 61 545 
984 746 241 317 170 808 265 882 318 115 208 600 987 588 422 557 203 491 705 983 15 323 545 649 0 636 409 111 942 693 664 231 949 927 539 716 522 593 393 169 43 129 264 175 103 220 719 789 142 920 586 124 639 199 463 336 54 116 555 655 375 585 596 704 551 5 236 641 834 640 675 498 981 623 841 666 91 906 202 865 318 778 722 284 566 671 990 314 869 133 740 106 726 7 997 18 99 61 212 987 
746 241 317 170 808 265 882 318 115 208 600 987 588 422 557 203 491 705 983 15 323 545 649 987 636 0 111 942 693 664 231 949 927 539 716 522 593 393 169 43 129 264 175 103 220 719 789 142 920 586 124 639 199 463 336 54 116 555 655 375 585 596 704 551 5 236 641 834 640 675 498 981 623 841 666 91 906 202 865 318 778 722 284 566 671 990 314 869 133 740 106 726 7 997 18 99 61 212 984 409 
241 317 170 808 265 882 318 115 208 600 987 588 422 557 203 491 705 983 15 323 545 649 987 636 409 111 0 693 664 231 949 927 539 716 522 593 393 169 43 129 264 175 103 220 719 789 142 920 586 124 639 199 463 336 54 116 555 655 375 585 596 704 551 5 236 641 834 640 675 498 981 623 841 666 91 906 202 865 318 778 722 284 566 671 990 314 869 133 740 106 726 7 997 18 99 61 212 984 746 942 
317 170 808 265 882 318 115 208 600 987 588 422 557 203 491 705 983 15 323 545 649 987 636 409 111 942 693 0 231 949 927 539 716 522 593 393 169 43 129 264 175 103 220 719 789 142 920 586 124 639 199 463 336 54 116 555 655 375 585 596 704 551 5 236 641 834 640 675 498 981 623 841 666 91 906 202 865 318 778 722 284 566 671 990 314 869 133 740 106 726 7 997 18 99 61 212 984 746 241 664 
170 808 265 882 318 115 208 600 987 588 422 557 203 491 705 983 15 323 545 649 987 636 409 111 942 693 664 231 0 927 539 716 522 593 393 169 43 129 264 175 103 220 719 789 142 920 586 124 639 199 463 336 54 116 555 655 375 585 596 704 551 5 236 641 834 640 675 498 981 623 841 666 91 906 202 865 318 778 722 284 566 671 990 314 869 133 740 106 726 7 997 18 99 61 212 984 746 241 317 949 
808 265 882 318 115 208 600 987 588 422 557 203 491 705 983 15 323 545 649 987 636 409 111 942 693 664 231 949 927 0 716 522 593 393 169 43 129 264 175 103 220 719 789 142 920 586 124 639 199 463 336 54 116 555 655 375 585 596 704 551 5 236 641 834 640 675 498 981 623 841 666 91 906 202 865 318 778 722 284 566 671 990 314 869 133 740 106 726 7 997 18 99 61 212 984 746 241 317 170 539 
265 882 318 115 208 600 987 588 422 557 203 491 705 983 15 323 545 649 987 636 409 111 942 693 664 231 949 927 539 716 0 593 393 169 43 129 264 175 103 220 719 789 142 920 586 124 639 199 463 336 54 116 555 655 375 585 596 704 551 5 236 641 834 640 675 498 981 623 841 666 91 906 202 865 318 778 722 284 566 671 990 314 869 133 740 106 726 7 997 18 99 61 212 984 746 241 317 170 808 522 
882 318 115 208 600 987 588 422 557 203 491 705 983 15 323 545 649 987 636 409 111 942 693 664 231 949 927 539 716 522 593 0 169 43 129 264 175 103 220 719 789 142 920 586 124 639 199 463 336 54 116 555 655 375 585 596 704 551 5 236 641 834 640 675 498 981 623 841 666 91 906 202 865 318 778 722 284 566 671 990 314 869 133 740 106 726 7 997 18 99 61 212 984 746 241 317 170 808 265 393 
318 115 208 600 987 588 422 557 203 491 705 983 15 323 545 649 987 636 409 111 942 693 664 231 949 927 539 716 522 593 393 169 0 129 264 175 103 220 719 789 142 920 586 124 639 199 463 336 54 116 555 655 375 585 596 704 551 5 236 641 834 640 675 498 981 623 841 666 91 906 202 865 318 778 722 284 566 671 990 314 869 133 740 106 726 7 997 18 99 61 212 984 746 241 317 170 808 265 882 43 
115 208 600 987 588 422 557 203 491 705 983 15 323 545 649 987 636 409 111 942 693 664 231 949 927 539 716 522 593 393 169 43 129 0 175 103 220 719 789 142 920 586 124 639 199 463 336 54 116 555 655 375 585 596 704 551 5 236 641 834 640 675 498 981 623 841 666 91 906 202 865 318 778 722 284 566 671 990 314 869 133 740 106 726 7 997 18 99 61 212 984 746 241 317 170 808 265 882 318 264 
208 600 987 588 422 557 203 491 705 983 15 323 545 649 987 636 409 111 942 693 664 231 949 927 539 716 522 593 393 169 43 129 264 175 0 220 719 789 142 920 586 124 639 199 463 336 54 116 555 655 375 585 596 704 551 5 236 641 834 640 675 498 981 623 841 666 91 906 202 865 318 778 722 284 566 671 990 314 869 133 740 106 726 7 997 18 99 61 212 984 746 241 317 170 808 265 882 318 115 103 
600 987 588 422 557 203 491 705 983 15 323 545 649 987 636 409 111 942 693 664 231 949 927 539 716 522 593 393 169 43 129 264 175 103 220 0 789 142 920 586 124 639 199 463 336 54 116 555 655 375 585 596 704 551 5 236 641 834 640 675 498 981 623 841 666 91 906 202 865 318 778 722 284 566 671 990 314 869 133 740 106 726 7 997 18 99 61 212 984 746 241 317 170 808 265 882 318 115 208 719 
987 588 422 557 203 491 705 983 15 323 545 649 987 636 409 111 942 693 664 231 949 927 539 716 522 593 393 169 43 129 264 175 103 220 719 789 0 920 586 124 639 199 463 336 54 116 555 655 375 585 596 704 551 5 236 641 834 640 675 498 981 623 841 666 91 906 202 865 318 778 722 284 566 671 990 314 869 133 740 106 726 7 997 18 99 61 212 984 746 241 317 170 808 265 882 318 115 208 600 142 
588 422 557 203 491 705 983 15 323 545 649 987 636 409 111 942 693 664 231 949 927 539 716 522 593 393 169 43 129 264 175 103 220 719 789 142 920 0 124 639 199 463 336 54 116 555 655 375 585 596 704 551 5 236 641 834 640 675 498 981 623 841 666 91 906 202 865 318 778 722 284 566 671 990 314 869 133 740 106 726 7 997 18 99 61 212 984 746 241 317 170 808 265 882 318 115 208 600 987 586 
422 557 203 491 705 983 15 323 545 649 987 636 409 111 942 693 664 231 949 927 539 716 522 593 393 169 43 129 264 175 103 220 719 789 142 920 586 124 0 199 463 336 54 116 555 655 375 585 596 704 551 5 236 641 834 640 675 498 981 623 841 666 91 906 202 865 318 778 722 284 566 671 990 314 869 133 740 106 726 7 997 18 99 61 212 984 746 241 317 170 808 265 882 318 115 208 600 987 588 639 
557 203 491 705 983 15 323 545 649 987 636 409 111 942 693 664 231 949 927 539 716 522 593 393 169 43 129 264 175 103 220 719 789 142 920 586 124 639 199 0 336 54 116 555 655 375 585 596 704 551 5 236 641 834 640 675 498 981 623 841 666 91 906 202 865 318 778 722 284 566 671 990 314 869 133 740 106 726 7 997 18 99 61 212 984 746 241 317 170 808 265 882 318 115 208 600 987 588 422 463 
203 491 705 983 15 323 545 649 987 636 409 111 942 693 664 231 949 927 539 716 522 593 393 169 43 129 264 175 103 220 719 789 142 920 586 124 639 199 463 336 0 116 555 655 375 585 596 704 551 5 236 641 834 640 675 498 981 623 841 666 91 906 202 865 318 778 722 284 566 671 990 314 869 133 740 106 726 7 997 18 99 61 212 984 746 241 317 170 808 265 882 318 115 208 600 987 588 422 557 54 
491 705 983 15 323 545 649 987 636 409 111 942 693 664 231 949 927 539 716 522 593 393 169 43 129 264 175 103 220 719 789 142 920 586 124 639 199 463 336 54 116 0 655 375 585 596 704 551 5 236 641 834 640 675 498 981 623 841 666 91 906 202 865 318 778 722 284 566 671 990 314 869 133 740 106 726 7 997 18 99 61 212 984 746 241 317 170 808 265 882 318 115 208 600 987 588 422 557 203 555 
705 983 15 323 545 649 987 636 409 111 942 693 664 231 949 927 539 716 522 593 393 169 43 129 264 175 103 220 719 789 142 920 586 124 639 199 463 336 54 116 555 655 0 585 596 704 551 5 236 641 834 640 675 498 981 623 841 666 91 906 202 865 318 778 722 284 566 671 990 314 869 133 740 106 726 7 997 18 99 61 212 984 746 241 317 170 808 265 882 318 115 208 600 987 588 422 557 203 491 375 
983 15 323 545 649 987 636 409 111 942 693 664 231 949 927 539 716 522 593 393 169 43 129 264 175 103 220 719 789 142 920 586 124 639 199 463 336 54 116 555 655 375 585 0 704 551 5 236 641 834 640 675 498 981 623 841 666 91 906 202 865 318 778 722 284 566 671 990 314 869 133 740 106 726 7 997 18 99 61 212 984 746 241 317 170 808 265 882 318 115 208 600 987 588 422 557 203 491 705 596 
15 323 545 649 987 636 409 111 942 693 664 231 949 927 539 716 522 593 393 169 43 129 264 175 103 220 719 789 142 920 586 124 639 199 463 336 54 116 555 655 375 585 596 704 0 5 236 641 834 640 675 498 981 623 841 666 91 906 202 865 318 778 722 284 566 671 990 314 869 133 740 106 726 7 997 18 99 61 212 984 746 241 317 170 808 265 882 318 115 208 600 987 588 422 557 203 491 705 983 551 
323 545 649 987 636 409 111 942 693 664 231 949 927 539 716 522 593 393 169 43 129 264 175 103 220 719 789 142 920 586 124 639 199 463 336 54 116 555 655 375 585 596 704 551 5 0 641 834 640 675 498 981 623 841 666 91 906 202 865 318 778 722 284 566 671 990 314 869 133 740 106 726 7 997 18 99 61 212 984 746 241 317 170 808 265 882 318 115 208 600 987 588 422 557 203 491 705 983 15 236 
545 649 987 636 409 111 942 693 664 231 949 927 539 716 522 593 393 169 43 129 264 175 103 220 719 789 142 920 586 124 639 199 463 336 54 116 555 655 375 585 596 704 551 5 236 641 0 640 675 498 981 623 841 666 91 906 202 865 318 778 722 284 566 671 990 314 869 133 740 106 726 7 997 18 99 61 212 984 746 241 317 170 808 265 882 318 115 208 600 987 588 422 557 203 491 705 983 15 323 834 
649 987 636 409 111 942 693 664 231 949 927 539 716 522 593 393 169 43 129 264 175 103 220 719 789 142 920 586 124 639 199 463 336 54 116 555 655 375 585 596 704 551 5 236 641 834 640 0 498 981 623 841 666 91 906 202 865 318 778 722 284 566 671 990 314 869 133 740 106 726 7 997 18 99 61 212 984 746 241 317 170 808 265 882 318 115 208 600 987 588 422 557 203 491 705 983 15 323 545 675 
987 636 409 111 942 693 664 231 949 927 539 716 522 593 393 169 43 129 264 175 103 220 719 789 142 920 586 124 639 199 463 336 54 116 555 655 375 585 596 704 551 5 236 641 834 640 675 498 0 623 841 666 91 906 202 865 318 778 722 284 566 671 990 314 869 133 740 106 726 7 997 18 99 61 212 984 746 241 317 170 808 265 882 318 115 208 600 987 588 422 557 203 491 705 983 15 323 545 649 981 
636 409 111 942 693 664 231 949 927 539 716 522 593 393 169 43 129 264 175 103 220 719 789 142 920 586 124 639 199 463 336 54 116 555 655 375 585 596 704 551 5 236 641 834 640 675 498 981 623 0 666 91 906 202 865 318 778 722 284 566 671 990 314 869 133 740 106 726 7 997 18 99 61 212 984 746 241 317 170 808 265 882 318 115 208 600 987 588 422 557 203 491 705 983 15 323 545 649 987 841 
409 111 942 693 664 231 949 927 539 716 522 593 393 169 43 129 264 175 103 220 719 789 142 920 586 124 639 199 463 336 54 116 555 655 375 585 596 704 551 5 236 641 834 640 675 498 981 623 841 666 0 906 202 865 318 778 722 284 566 671 990 314 869 133 740 106 726 7 997 18 99 61 212 984 746 241 317 170 808 265 882 318 115 208 600 987 588 422 557 203 491 705 983 15 323 545 649 987 636 91 
111 942 693 664 231 949 927 539 716 522 593 393 169 43 129 264 175 103 220 719 789 142 920 586 124 639 199 463 336 54 116 555 655 375 585 596 704 551 5 236 641 834 640 675 498 981 623 841 666 91 906 0 865 318 778 722 284 566 671 990 314 869 133 740 106 726 7 997 18 99 61 212 984 746 241 317 170 808 265 882 318 115 208 600 987 588 422 557 203 491 705 983 15 323 545 649 987 636 409 202 
942 693 664 231 949 927 539 716 522 593 393 169 43 129 264 175 103 220 719 789 142 920 586 124 639 199 463 336 54 116 555 655 375 585 596 704 551 5 236 641 834 640 675 498 981 623 841 666 91 906 202 865 0 778 722 284 566 671 990 314 869 133 740 106 726 7 997 18 99 61 212 984 746 241 317 170 808 265 882 318 115 208 600 987 588 422 557 203 491 705 983 15 323 545 649 987 636 409 111 318 
693 664 231 949 927 539 716 522 593 393 169 43 129 264 175 103 220 719 789 142 920 586 124 639 199 463 336 54 116 555 655 375 585 596 704 551 5 236 641 834 640 675 498 981 623 841 666 91 906 202 865 318 778 0 284 566 671 990 314 869 133 740 106 726 7 997 18 99 61 212 984 746 241 317 170 808 265 882 318 115 208 600 987 588 422 557 203 491 705 983 15 323 545 649 987 636 409 111 942 722 
664 231 949 927 539 716 522 593 393 169 43 129 264 175 103 220 719 789 142 920 586 124 639 199 463 336 54 116 555 655 375 585 596 704 551 5 236 641 834 640 675 498 981 623 841 666 91 906 202 865 318 778 722 284 0 671 990 314 869 133 740 106 726 7 997 18 99 61 212 984 746 241 317 170 808 265 882 318 115 208 600 987 588 422 557 203 491 705 983 15 323 545 649 987 636 409 111 942 693 566 
231 949 927 539 716 522 593 393 169 43 129 264 175 103 220 719 789 142 920 586 124 639 199 463 336 54 116 555 655 375 585 596 704 551 5 236 641 834 640 675 498 981 623 841 666 91 906 202 865 318 778 722 284 566 671 0 314 869 133 740 106 726 7 997 18 99 61 212 984 746 241 317 170 808 265 882 318 115 208 600 987 588 422 557 203 491 705 983 15 323 545 649 987 636 409 111 942 693 664 990 
949 927 539 716 522 593 393 169 43 129 264 175 103 220 719 789 142 920 586 124 639 199 463 336 54 116 555 655 375 585 596 704 551 5 236 641 834 640 675 498 981 623 841 666 91 906 202 865 318 778 722 284 566 671 990 314 0 133 740 106 726 7 997 18 99 61 212 984 746 241 317 170 808 265 882 318 115 208 600 987 588 422 557 203 491 705 983 15 323 545 649 987 636 409 111 942 693 664 231 869 
927 539 716 522 593 393 169 43 129 264 175 103 220 719 789 142 920 586 124 639 199 463 336 54 116 555 655 375 585 596 704 551 5 236 641 834 640 675 498 981 623 841 666 91 906 202 865 318 778 722 284 566 671 990 314 869 133 0 106 726 7 997 18 99 61 212 984 746 241 317 170 808 265 882 318 115 208 600 987 588 422 557 203 491 705 983 15 323 545 649 987 636 409 111 942 693 664 231 949 740 
539 716 522 593 393 169 43 129 264 175 103 220 719 789 142 920 586 124 639 199 463 336 54 116 555 655 375 585 596 704 551 5 236 641 834 640 675 498 981 623 841 666 91 906 202 865 318 778 722 284 566 671 990 314 869 133 740 106 0 7 997 18 99 61 212 984 746 241 317 170 808 265 882 318 115 208 600 987 588 422 557 203 491 705 983 15 323 545 649 987 636 409 111 942 693 664 231 949 927 726 
716 522 593 393 169 43 129 264 175 103 220 719 789 142 920 586 124 639 199 463 336 54 116 555 655 375 585 596 704 551 5 236 641 834 640 675 498 981 623 841 666 91 906 202 865 318 778 722 284 566 671 990 314 869 133 740 106 726 7 0 18 99 61 212 984 746 241 317 170 808 265 882 318 115 208 600 987 588 422 557 203 491 705 983 15 323 545 649 987 636 409 111 942 693 664 231 949 927 539 997 
522 593 393 169 43 129 264 175 103 220 719 789 142 920 586 124 639 199 463 336 54 116 555 655 375 585 596 704 551 5 236 641 834 640 675 498 981 623 841 666 91 906 202 865 318 778 722 284 566 671 990 314 869 133 740 106 726 7 997 18 0 61 212 984 746 241 317 170 808 265 882 318 115 208 600 987 588 422 557 203 491 705 983 15 323 545 649 987 636 409 111 942 693 664 231 949 927 539 716 99 
593 393 169 43 129 264 175 103 220 719 789 142 920 586 124 639 199 463 336 54 116 555 655 375 585 596 704 551 5 236 641 834 640 675 498 981 623 841 666 91 906 202 865 318 778 722 284 566 671 990 314 869 133 740 106 726 7 997 18 99 61 0 984 746 241 317 170 808 265 882 318 115 208 600 987 588 422 557 203 491 705 983 15 323 545 649 987 636 409 111 942 693 664 231 949 927 539 716 522 212 
393 169 43 129 264 175 103 220 719 789 142 920 586 124 639 199 463 336 54 116 555 655 375 585 596 704 551 5 236 641 834 640 675 498 981 623 841 666 91 906 202 865 318 778 722 284 566 671 990 314 869 133 740 106 726 7 997 18 99 61 212 984 0 241 317 170 808 265 882 318 115 208 600 987 588 422 557 203 491 705 983 15 323 545 649 987 636 409 111 942 693 664 231 949 927 539 716 522 593 746 
169 43 129 264 175 103 220 719 789 142 920 586 124 639 199 463 336 54 116 555 655 375 585 596 704 551 5 236 641 834 640 675 498 981 623 841 666 91 906 202 865 318 778 722 284 566 671 990 314 869 133 740 106 726 7 997 18 99 61 212 984 746 241 0 170 808 265 882 318 115 208 600 987 588 422 557 203 491 705 983 15 323 545 649 987 636 409 111 942 693 664 231 949 927 539 716 522 593 393 317 
43 129 264 175 103 220 719 789 142 920 586 124 639 199 463 336 54 116 555 655 375 585 596 704 551 5 236 641 834 640 675 498 981 623 841 666 91 906 202 865 318 778 722 284 566 671 990 314 869 133 740 106 726 7 997 18 99 61 212 984 746 241 317 170 0 265 882 318 115 208 600 987 588 422 557 203 491 705 983 15 323 545 649 987 636 409 111 942 693 664 231 949 927 539 716 522 593 393 169 808 
129 264 175 103 220 719 789 142 920 586 124 639 199 463 336 54 116 555 655 375 585 596 704 551 5 236 641 834 640 675 498 981 623 841 666 91 906 202 865 318 778 722 284 566 671 990 314 869 133 740 106 726 7 997 18 99 61 212 984 746 241 317 170 808 265 0 318 115 208 600 987 588 422 557 203 491 705 983 15 323 545 649 987 636 409 111 942 693 664 231 949 927 539 716 522 593 393 169 43 882 
264 175 103 220 719 789 142 920 586 124 639 199 463 336 54 116 555 655 375 585 596 704 551 5 236 641 834 640 675 498 981 623 841 666 91 906 202 865 318 778 722 284 566 671 990 314 869 133 740 106 726 7 997 18 99 61 212 984 746 241 317 170 808 265 882 318 0 208 600 987 588 422 557 203 491 705 983 15 323 545 649 987 636 409 111 942 693 664 231 949 927 539 716 522 593 393 169 43 129 115 
175 103 220 719 789 142 920 586 124 639 199 463 336 54 116 555 655 375 585 596 704 551 5 236 641 834 640 675 498 981 623 841 666 91 906 202 865 318 778 722 284 566 671 990 314 869 133 740 106 726 7 997 18 99 61 212 984 746 241 317 170 808 265 882 318 115 208 0 987 588 422 557 203 491 705 983 15 323 545 649 987 636 409 111 942 693 664 231 949 927 539 716 522 593 393 169 43 129 264 600 
103 220 719 789 142 920 586 124 639 199 463 336 54 116 555 655 375 585 596 704 551 5 236 641 834 640 675 498 981 623 841 666 91 906 202 865 318 778 722 284 566 671 990 314 869 133 740 106 726 7 997 18 99 61 212 984 746 241 317 170 808 265 882 318 115 208 600 987 0 422 557 203 491 705 983 15 323 545 649 987 636 409 111 942 693 664 231 949 927 539 716 522 593 393 169 43 129 264 175 588 
220 719 789 142 920 586 124 639 199 463 336 54 116 555 655 375 585 596 704 551 5 236 641 834 640 675 498 981 623 841 666 91 906 202 865 318 778 722 284 566 671 990 314 869 133 740 106 726 7 997 18 99 61 212 984 746 241 317 170 808 265 882 318 115 208 600 987 588 422 0 203 491 705 983 15 323 545 649 987 636 409 111 942 693 664 231 949 927 539 716 522 593 393 169 43 129 264 175 103 557 
719 789 142 920 586 124 639 199 463 336 54 116 555 655 375 585 596 704 551 5 236 641 834 640 675 498 981 623 841 666 91 906 202 865 318 778 722 284 566 671 990 314 869 133 740 106 726 7 997 18 99 61 212 984 746 241 317 170 808 265 882 318 115 208 600 987 588 422 557 203 0 705 983 15 323 545 649 987 636 409 111 942 693 664 231 949 927 539 716 522 593 393 169 43 129 264 175 103 220 491 
789 142 920 586 124 639 199 463 336 54 116 555 655 375 585 596 704 551 5 236 641 834 640 675 498 981 623 841 666 91 906 202 865 318 778 722 284 566 671 990 314 869 133 740 106 726 7 997 18 99 61 212 984 746 241 317 170 808 265 882 318 115 208 600 987 588 422 557 203 491 705 0 15 323 545 649 987 636 409 111 942 693 664 231 949 927 539 716 522 593 393 169 43 129 264 175 103 220 719 983 
142 920 586 124 639 199 463 336 54 116 555 655 375 585 596 704 551 5 236 641 834 640 675 498 981 623 841 666 91 906 202 865 318 778 722 284 566 671 990 314 869 133 740 106 726 7 997 18 99 61 212 984 746 241 317 170 808 265 882 318 115 208 600 987 588 422 557 203 491 705 983 15 0 545 649 987 636 409 111 942 693 664 231 949 927 539 716 522 593 393 169 43 129 264 175 103 220 719 789 323 
920 586 124 639 199 463 336 54 116 555 655 375 585 596 704 551 5 236 641 834 640 675 498 981 623 841 666 91 906 202 865 318 778 722 284 566 671 990 314 869 133 740 106 726 7 997 18 99 61 212 984 746 241 317 170 808 265 882 318 115 208 600 987 588 422 557 203 491 705 983 15 323 545 0 987 636 409 111 942 693 664 231 949 927 539 716 522 593 393 169 43 129 264 175 103 220 719 789 142 649 
586 124 639 199 463 336 54 116 555 655 375 585 596 704 551 5 236 641 834 640 675 498 981 623 841 666 91 906 202 865 318 778 722 284 566 671 990 314 869 133 740 106 726 7 997 18 99 61 212 984 746 241 317 170 808 265 882 318 115 208 600 987 588 422 557 203 491 705 983 15 323 545 649 987 0 409 111 942 693 664 231 949 927 539 716 522 593 393 169 43 129 264 175 103 220 719 789 142 920 636 
124 639 199 463 336 54 116 555 655 375 585 596 704 551 5 236 641 834 640 675 498 981 623 841 666 91 906 202 865 318 778 722 284 566 671 990 314 869 133 740 106 726 7 997 18 99 61 212 984 746 241 317 170 808 265 882 318 115 208 600 987 588 422 557 203 491 705 983 15 323 545 649 987 636 409 0 942 693 664 231 949 927 539 716 522 593 393 169 43 129 264 175 103 220 719 789 142 920 586 111 
639 199 463 336 54 116 555 655 375 585 596 704 551 5 236 641 834 640 675 498 981 623 841 666 91 906 202 865 318 778 722 284 566 671 990 314 869 133 740 106 726 7 997 18 99 61 212 984 746 241 317 170 808 265 882 318 115 208 600 987 588 422 557 203 491 705 983 15 323 545 649 987 636 409 111 942 0 664 231 949 927 539 716 522 593 393 169 43 129 264 175 103 220 719 789 142 920 586 124 693 
199 463 336 54 116 555 655 375 585 596 704 551 5 236 641 834 640 675 498 981 623 841 666 91 906 202 865 318 778 722 284 566 671 990 314 869 133 740 106 726 7 997 18 99 61 212 984 746 241 317 170 808 265 882 318 115 208 600 987 588 422 557 203 491 705 983 15 323 545 649 987 636 409 111 942 693 664 0 949 927 539 716 522 593 393 169 43 129 264 175 103 220 719 789 142 920 586 124 639 231 
463 336 54 116 555 655 375 585 596 704 551 5 236 641 834 640 675 498 981 623 841 666 91 906 202 865 318 778 722 284 566 671 990 314 869 133 740 106 726 7 997 18 99 61 212 984 746 241 317 170 808 265 882 318 115 208 600 987 588 422 557 203 491 705 983 15 323 545 649 987 636 409 111 942 693 664 231 949 0 539 716 522 593 393 169 43 129 264 175 103 220 719 789 142 920 586 124 639 199 927 
336 54 116 555 655 375 585 596 704 551 5 236 641 834 640 675 498 981 623 841 666 91 906 202 865 318 778 722 284 566 671 990 314 869 133 740 106 726 7 997 18 99 61 212 984 746 241 317 170 808 265 882 318 115 208 600 987 588 422 557 203 491 705 983 15 323 545 649 987 636 409 111 942 693 664 231 949 927 539 0 522 593 393 169 43 129 264 175 103 220 719 789 142 920 586 124 639 199 463 716 
54 116 555 655 375 585 596 704 551 5 236 641 834 640 675 498 981 623 841 666 91 906 202 865 318 778 722 284 566 671 990 314 869 133 740 106 726 7 997 18 99 61 212 984 746 241 317 170 808 265 882 318 115 208 600 987 588 422 557 203 491 705 983 15 323 545 649 987 636 409 111 942 693 664 231 949 927 539 716 522 0 393 169 43 129 264 175 103 220 719 789 142 920 586 124 639 199 463 336 593 
116 555 655 375 585 596 704 551 5 236 641 834 640 675 498 981 623 841 666 91 906 202 865 318 778 722 284 566 671 990 314 869 133 740 106 726 7 997 18 99 61 212 984 746 241 317 170 808 265 882 318 115 208 600 987 588 422 557 203 491 705 983 15 323 545 649 987 636 409 111 942 693 664 231 949 927 539 716 522 593 393 0 43 129 264 175 103 220 719 789 142 920 586 124 639 199 463 336 54 169 
555 655 375 585 596 704 551 5 236 641 834 640 675 498 981 623 841 666 91 906 202 865 318 778 722 284 566 671 990 314 869 133 740 106 726 7 997 18 99 61 212 984 746 241 317 170 808 265 882 318 115 208 600 987 588 422 557 203 491 705 983 15 323 545 649 987 636 409 111 942 693 664 231 949 927 539 716 522 593 393 169 43 0 264 175 103 220 719 789 142 920 586 124 639 199 463 336 54 116 129 
655 375 585 596 704 551 5 236 641 834 640 675 498 981 623 841 666 91 906 202 865 318 778 722 284 566 671 990 314 869 133 740 106 726 7 997 18 99 61 212 984 746 241 317 170 808 265 882 318 115 208 600 987 588 422 557 203 491 705 983 15 323 545 649 987 636 409 111 942 693 664 231 949 927 539 716 522 593 393 169 43 129 264 0 103 220 719 789 142 920 586 124 639 199 463 336 54 116 555 175 
375 585 596 704 551 5 236 641 834 640 675 498 981 623 841 666 91 906 202 865 318 778 722 284 566 671 990 314 869 133 740 106 726 7 997 18 99 61 212 984 746 241 317 170 808 265 882 318 115 208 600 987 588 422 557 203 491 705 983 15 323 545 649 987 636 409 111 942 693 664 231 949 927 539 716 522 593 393 169 43 129 264 175 103 0 719 789 142 920 586 124 639 199 463 336 54 116 555 655 220 
585 596 704 551 5 236 641 834 640 675 498 981 623 841 666 91 906 202 865 318 778 722 284 566 671 990 314 869 133 740 106 726 7 997 18 99 61 212 984 746 241 317 170 808 265 882 318 115 208 600 987 588 422 557 203 491 705 983 15 323 545 649 987 636 409 111 942 693 664 231 949 927 539 716 522 593 393 169 43 129 264 175 103 220 719 0 142 920 586 124 639 199 463 336 54 116 555 655 375 789 
596 704 551 5 236 641 834 640 675 498 981 623 841 666 91 906 202 865 318 778 722 284 566 671 990 314 869 133 740 106 726 7 997 18 99 61 212 984 746 241 317 170 808 265 882 318 115 208 600 987 588 422 557 203 491 705 983 15 323 545 649 987 636 409 111 942 693 664 231 949 927 539 716 522 593 393 169 43 129 264 175 103 220 719 789 142 0 586 124 639 199 463 336 54 116 555 655 375 585 920 
704 551 5 236 641 834 640 675 498 981 623 841 666 91 906 202 865 318 778 722 284 566 671 990 314 869 133 740 106 726 7 997 18 99 61 212 984 746 241 317 170 808 265 882 318 115 208 600 987 588 422 557 203 491 705 983 15 323 545 649 987 636 409 111 942 693 664 231 949 927 539 716 522 593 393 169 43 129 264 175 103 220 719 789 142 920 586 0 639 199 463 336 54 116 555 655 375 585 596 124 
551 5 236 641 834 640 675 498 981 623 841 666 91 906 202 865 318 778 722 284 566 671 990 314 869 133 740 106 726 7 997 18 99 61 212 984 746 241 317 170 808 265 882 318 115 208 600 987 588 422 557 203 491 705 983 15 323 545 649 987 636 409 111 942 693 664 231 949 927 539 716 522 593 393 169 43 129 264 175 103 220 719 789 142 920 586 124 639 0 463 336 54 116 555 655 375 585 596 704 199 
5 236 641 834 640 675 498 981 623 841 666 91 906 202 865 318 778 722 284 566 671 990 314 869 133 740 106 726 7 997 18 99 61 212 984 746 241 317 170 808 265 882 318 115 208 600 987 588 422 557 203 491 705 983 15 323 545 649 987 636 409 111 942 693 664 231 949 927 539 716 522 593 393 169 43 129 264 175 103 220 719 789 142 920 586 124 639 199 463 0 54 116 555 655 375 585 596 704 551 336 
236 641 834 640 675 498 981 623 841 666 91 906 202 865 318 778 722 284 566 671 990 314 869 133 740 106 726 7 997 18 99 61 212 984 746 241 317 170 808 265 882 318 115 208 600 987 588 422 557 203 491 705 983 15 323 545 649 987 636 409 111 942 693 664 231 949 927 539 716 522 593 393 169 43 129 264 175 103 220 719 789 142 920 586 124 639 199 463 336 54 0 555 655 375 585 596 704 551 5 116 
641 834 640 675 498 981 623 841 666 91 906 202 865 318 778 722 284 566 671 990 314 869 133 740 106 726 7 997 18 99 61 212 984 746 241 317 170 808 265 882 318 115 208 600 987 588 422 557 203 491 705 983 15 323 545 649 987 636 409 111 942 693 664 231 949 927 539 716 522 593 393 169 43 129 264 175 103 220 719 789 142 920 586 124 639 199 463 336 54 116 555 0 375 585 596 704 551 5 236 655 
834 640 675 498 981 623 841 666 91 906 202 865 318 778 722 284 566 671 990 314 869 133 740 106 726 7 997 18 99 61 212 984 746 241 317 170 808 265 882 318 115 208 600 987 588 422 557 203 491 705 983 15 323 545 649 987 636 409 111 942 693 664 231 949 927 539 716 522 593 393 169 43 129 264 175 103 220 719 789 142 920 586 124 639 199 463 336 54 116 555 655 375 0 596 704 551 5 236 641 585 
640 675 498 981 623 841 666 91 906 202 865 318 778 722 284 566 671 990 314 869 133 740 106 726 7 997 18 99 61 212 984 746 241 317 170 808 265 882 318 115 208 600 987 588 422 557 203 491 705 983 15 323 545 649 987 636 409 111 942 693 664 231 949 927 539 716 522 593 393 169 43 129 264 175 103 220 719 789 142 920 586 124 639 199 463 336 54 116 555 655 375 585 596 0 551 5 236 641 834 704 
675 498 981 623 841 666 91 906 202 865 318 778 722 284 566 671 990 314 869 133 740 106 726 7 997 18 99 61 212 984 746 241 317 170 808 265 882 318 115 208 600 987 588 422 557 203 491 705 983 15 323 545 649 987 636 409 111 942 693 664 231 949 927 539 716 522 593 393 169 43 129 264 175 103 220 719 789 142 920 586 124 639 199 463 336 54 116 555 655 375 585 596 704 551 0 236 641 834 640 5 
498 981 623 841 666 91 906 202 865 318 778 722 284 566 671 990 314 869 133 740 106 726 7 997 18 99 61 212 984 746 241 317 170 808 265 882 318 115 208 600 987 588 422 557 203 491 705 983 15 323 545 649 987 636 409 111 942 693 664 231 949 927 539 716 522 593 393 169 43 129 264 175 103 220 719 789 142 920 586 124 639 199 463 336 54 116 555 655 375 585 596 704 551 5 236 0 834 640 675 641 
981 623 841 666 91 906 202 865 318 778 722 284 566 671 990 314 869 133 740 106 726 7 997 18 99 61 212 984 746 241 317 170 808 265 882 318 115 208 600 987 588 422 557 203 491 705 983 15 323 545 649 987 636 409 111 942 693 664 231 949 927 539 716 522 593 393 169 43 129 264 175 103 220 719 789 142 920 586 124 639 199 463 336 54 116 555 655 375 585 596 704 551 5 236 641 834 0 675 498 640 
623 841 666 91 906 202 865 318 778 722 284 566 671 990 314 869 133 740 106 726 7 997 18 99 61 212 984 746 241 317 170 808 265 882 318 115 208 600 987 588 422 557 203 491 705 983 15 323 545 649 987 636 409 111 942 693 664 231 949 927 539 716 522 593 393 169 43 129 264 175 103 220 719 789 142 920 586 124 639 199 463 336 54 116 555 655 375 585 596 704 551 5 236 641 834 640 675 0 981 498 
841 666 91 906 202 865 318 778 722 284 566 671 990 314 869 133 740 106 726 7 997 18 99 61 212 984 746 241 317 170 808 265 882 318 115 208 600 987 588 422 557 203 491 705 983 15 323 545 649 987 636 409 111 942 693 664 231 949 927 539 716 522 593 393 169 43 129 264 175 103 220 719 789 142 920 586 124 639 199 463 336 54 116 555 655 375 585 596 704 551 5 236 641 834 640 675 498 981 0 623 
666 906 865 778 284 671 314 133 106 7 18 61 984 241 170 265 318 208 987 422 203 705 15 545 987 409 942 664 949 539 522 393 43 264 103 719 142 586 639 463 54 555 375 596 551 236 834 675 981 841 91 202 318 722 566 990 869 740 726 997 99 212 746 317 808 882 115 600 588 557 491 983 323 649 636 111 693 231 927 716 593 169 129 175 220 789 920 124 199 336 116 655 585 704 5 641 640 498 623 0 
