0 210 795 188 52 306 507 310 680 147 135 42 967 749 679 403 354 838 227 531 14 69 366 266 411 806 690 121 170 128 56 954 888 38 944 266 650 607 858 984 672 857 308 875 939 613 833 733 985 387 628 840 641 406 234 14 7 175 105 773 8 343 945 768 904 575 637 56 514 653 692 730 897 235 285 642 875 349 540 178 191 775 505 918 148 266 329 914 224 441 925 549 952 315 398 424 800 363 322 210 
210 0 188 52 306 507 310 680 147 135 42 967 749 679 403 354 838 227 531 14 69 366 266 411 806 690 121 170 128 56 954 888 38 944 266 650 607 858 984 672 857 308 875 939 613 833 733 985 387 628 840 641 406 234 14 7 175 105 773 8 343 945 768 904 575 637 56 514 653 692 730 897 235 285 642 875 349 540 178 191 775 505 918 148 266 329 914 224 441 925 549 952 315 398 424 800 363 322 210 795 
795 188 0 306 507 310 680 147 135 42 967 749 679 403 354 838 227 531 14 69 366 266 411 806 690 121 170 128 56 954 888 38 944 266 650 607 858 984 672 857 308 875 939 613 833 733 985 387 628 840 641 406 234 14 7 175 105 773 8 343 945 768 904 575 637 56 514 653 692 730 897 235 285 642 875 349 540 178 191 775 505 918 148 266 329 914 224 441 925 549 952 315 398 424 800 363 322 210 210 52 
188 52 306 0 310 680 147 135 42 967 749 679 403 354 838 227 531 14 69 366 266 411 806 690 121 170 128 56 954 888 38 944 266 650 607 858 984 672 857 308 875 939 613 833 733 985 387 628 840 641 406 234 14 7 175 105 773 8 343 945 768 904 575 637 56 514 653 692 730 897 235 285 642 875 349 540 178 191 775 505 918 148 266 329 914 224 441 925 549 952 315 398 424 800 363 322 210 210 795 507 
52 306 507 310 0 147 135 42 967 749 679 403 354 838 227 531 14 69 366 266 411 806 690 121 170 128 56 954 888 38 944 266 650 607 858 984 672 857 308 875 939 613 833 733 985 387 628 840 641 406 234 14 7 175 105 773 8 343 945 768 904 575 637 56 514 653 692 730 897 235 285 642 875 349 540 178 191 775 505 918 148 266 329 914 224 441 925 549 952 315 398 424 800 363 322 210 210 795 188 680 
306 507 310 680 147 0 42 967 749 679 403 354 838 227 531 14 69 366 266 411 806 690 121 170 128 56 954 888 38 944 266 650 607 858 984 672 857 308 875 939 613 833 733 985 387 628 840 641 406 234 14 7 175 105 773 8 343 945 768 904 575 637 56 514 653 692 730 897 235 285 642 875 349 540 178 191 775 505 918 148 266 329 914 224 441 925 549 952 315 398 424 800 363 322 210 210 795 188 52 135 
507 310 680 147 135 42 0 749 679 403 354 838 227 531 14 69 366 266 411 806 690 121 170 128 56 954 888 38 944 266 650 607 858 984 672 857 308 875 939 613 833 733 985 387 628 840 641 406 234 14 7 175 105 773 8 343 945 768 904 575 637 56 514 653 692 730 897 235 285 642 875 349 540 178 191 775 505 918 148 266 329 914 224 441 925 549 952 315 398 424 800 363 322 210 210 795 188 52 306 967 
310 680 147 135 42 967 749 0 403 354 838 227 531 14 69 366 266 411 806 690 121 170 128 56 954 888 38 944 266 650 607 858 984 672 857 308 875 939 613 833 733 985 387 628 840 641 406 234 14 7 175 105 773 8 343 945 768 904 575 637 56 514 653 692 730 897 235 285 642 875 349 540 178 191 775 505 918 148 266 329 914 224 441 925 549 952 315 398 424 800 363 322 210 210 795 188 52 306 507 679 
680 147 135 42 967 749 679 403 0 838 227 531 14 69 366 266 411 806 690 121 170 128 56 954 888 38 944 266 650 607 858 984 672 857 308 875 939 613 833 733 985 387 628 840 641 406 234 14 7 175 105 773 8 343 945 768 904 575 637 56 514 653 692 730 897 235 285 642 875 349 540 178 191 775 505 918 148 266 329 914 224 441 925 549 952 315 398 424 800 363 322 210 210 795 188 52 306 507 310 354 
147 135 42 967 749 679 403 354 838 0 531 14 69 366 266 411 806 690 121 170 128 56 954 888 38 944 266 650 607 858 984 672 857 308 875 939 613 833 733 985 387 628 840 641 406 234 14 7 175 105 773 8 343 945 768 904 575 637 56 514 653 692 730 897 235 285 642 875 349 540 178 191 775 505 918 148 266 329 914 224 441 925 549 952 315 398 424 800 363 322 210 210 795 188 52 306 507 310 680 227 
135 42 967 749 679 403 354 838 227 531 0 69 366 266 411 806 690 121 170 128 56 954 888 38 944 266 650 607 858 984 672 857 308 875 939 613 833 733 985 387 628 840 641 406 234 14 7 175 105 773 8 343 945 768 904 575 637 56 514 653 692 730 897 235 285 642 875 349 540 178 191 775 505 918 148 266 329 914 224 441 925 549 952 315 398 424 800 363 322 210 210 795 188 52 306 507 310 680 147 14 
42 967 749 679 403 354 838 227 531 14 69 0 266 411 806 690 121 170 128 56 954 888 38 944 266 650 607 858 984 672 857 308 875 939 613 833 733 985 387 628 840 641 406 234 14 7 175 105 773 8 343 945 768 904 575 637 56 514 653 692 730 897 235 285 642 875 349 540 178 191 775 505 918 148 266 329 914 224 441 925 549 952 315 398 424 800 363 322 210 210 795 188 52 306 507 310 680 147 135 366 
967 749 679 403 354 838 227 531 14 69 366 266 0 806 690 121 170 128 56 954 888 38 944 266 650 607 858 984 672 857 308 875 939 613 833 733 985 387 628 840 641 406 234 14 7 175 105 773 8 343 945 768 904 575 637 56 514 653 692 730 897 235 285 642 875 349 540 178 191 775 505 918 148 266 329 914 224 441 925 549 952 315 398 424 800 363 322 210 210 795 188 52 306 507 310 680 147 135 42 411 
749 679 403 354 838 227 531 14 69 366 266 411 806 0 121 170 128 56 954 888 38 944 266 650 607 858 984 672 857 308 875 939 613 833 733 985 387 628 840 641 406 234 14 7 175 105 773 8 343 945 768 904 575 637 56 514 653 692 730 897 235 285 642 875 349 540 178 191 775 505 918 148 266 329 914 224 441 925 549 952 315 398 424 800 363 322 210 210 795 188 52 306 507 310 680 147 135 42 967 690 
679 403 354 838 227 531 14 69 366 266 411 806 690 121 0 128 56 954 888 38 944 266 650 607 858 984 672 857 308 875 939 613 833 733 985 387 628 840 641 406 234 14 7 175 105 773 8 343 945 768 904 575 637 56 514 653 692 730 897 235 285 642 875 349 540 178 191 775 505 918 148 266 329 914 224 441 925 549 952 315 398 424 800 363 322 210 210 795 188 52 306 507 310 680 147 135 42 967 749 170 
403 354 838 227 531 14 69 366 266 411 806 690 121 170 128 0 954 888 38 944 266 650 607 858 984 672 857 308 875 939 613 833 733 985 387 628 840 641 406 234 14 7 175 105 773 8 343 945 768 904 575 637 56 514 653 692 730 897 235 285 642 875 349 540 178 191 775 505 918 148 266 329 914 224 441 925 549 952 315 398 424 800 363 322 210 210 795 188 52 306 507 310 680 147 135 42 967 749 679 56 
354 838 227 531 14 69 366 266 411 806 690 121 170 128 56 954 0 38 944 266 650 607 858 984 672 857 308 875 939 613 833 733 985 387 628 840 641 406 234 14 7 175 105 773 8 343 945 768 904 575 637 56 514 653 692 730 897 235 285 642 875 349 540 178 191 775 505 918 148 266 329 914 224 441 925 549 952 315 398 424 800 363 322 210 210 795 188 52 306 507 310 680 147 135 42 967 749 679 403 888 
838 227 531 14 69 366 266 411 806 690 121 170 128 56 954 888 38 0 266 650 607 858 984 672 857 308 875 939 613 833 733 985 387 628 840 641 406 234 14 7 175 105 773 8 343 945 768 904 575 637 56 514 653 692 730 897 235 285 642 875 349 540 178 191 775 505 918 148 266 329 914 224 441 925 549 952 315 398 424 800 363 322 210 210 795 188 52 306 507 310 680 147 135 42 967 749 679 403 354 944 
227 531 14 69 366 266 411 806 690 121 170 128 56 954 888 38 944 266 0 607 858 984 672 857 308 875 939 613 833 733 985 387 628 840 641 406 234 14 7 175 105 773 8 343 945 768 904 575 637 56 514 653 692 730 897 235 285 642 875 349 540 178 191 775 505 918 148 266 329 914 224 441 925 549 952 315 398 424 800 363 322 210 210 795 188 52 306 507 310 680 147 135 42 967 749 679 403 354 838 650 
531 14 69 366 266 411 806 690 121 170 128 56 954 888 38 944 266 650 607 0 984 672 857 308 875 939 613 833 733 985 387 628 840 641 406 234 14 7 175 105 773 8 343 945 768 904 575 637 56 514 653 692 730 897 235 285 642 875 349 540 178 191 775 505 918 148 266 329 914 224 441 925 549 952 315 398 424 800 363 322 210 210 795 188 52 306 507 310 680 147 135 42 967 749 679 403 354 838 227 858 
14 69 366 266 411 806 690 121 170 128 56 954 888 38 944 266 650 607 858 984 0 857 308 875 939 613 833 733 985 387 628 840 641 406 234 14 7 175 105 773 8 343 945 768 904 575 637 56 514 653 692 730 897 235 285 642 875 349 540 178 191 775 505 918 148 266 329 914 224 441 925 549 952 315 398 424 800 363 322 210 210 795 188 52 306 507 310 680 147 135 42 967 749 679 403 354 838 227 531 672 
69 366 266 411 806 690 121 170 128 56 954 888 38 944 266 650 607 858 984 672 857 0 875 939 613 833 733 985 387 628 840 641 406 234 14 7 175 105 773 8 343 945 768 904 575 637 56 514 653 692 730 897 235 285 642 875 349 540 178 191 775 505 918 148 266 329 914 224 441 925 549 952 315 398 424 800 363 322 210 210 795 188 52 306 507 310 680 147 135 42 967 749 679 403 354 838 227 531 14 308 
366 266 411 806 690 121 170 128 56 954 888 38 944 266 650 607 858 984 672 857 308 875 0 613 833 733 985 387 628 840 641 406 234 14 7 175 105 773 8 343 945 768 904 575 637 56 514 653 692 730 897 235 285 642 875 349 540 178 191 775 505 918 148 266 329 914 224 441 925 549 952 315 398 424 800 363 322 210 210 795 188 52 306 507 310 680 147 135 42 967 749 679 403 354 838 227 531 14 69 939 
266 411 806 690 121 170 128 56 954 888 38 944 266 650 607 858 984 672 857 308 875 939 613 0 733 985 387 628 840 641 406 234 14 7 175 105 773 8 343 945 768 904 575 637 56 514 653 692 730 897 235 285 642 875 349 540 178 191 775 505 918 148 266 329 914 224 441 925 549 952 315 398 424 800 363 322 210 210 795 188 52 306 507 310 680 147 135 42 967 749 679 403 354 838 227 531 14 69 366 833 
411 806 690 121 170 128 56 954 888 38 944 266 650 607 858 984 672 857 308 875 939 613 833 733 0 387 628 840 641 406 234 14 7 175 105 773 8 343 945 768 904 575 637 56 514 653 692 730 897 235 285 642 875 349 540 178 191 775 505 918 148 266 329 914 224 441 925 549 952 315 398 424 800 363 322 210 210 795 188 52 306 507 310 680 147 135 42 967 749 679 403 354 838 227 531 14 69 366 266 985 
806 690 121 170 128 56 954 888 38 944 266 650 607 858 984 672 857 308 875 939 613 833 733 985 387 0 840 641 406 234 14 7 175 105 773 8 343 945 768 904 575 637 56 514 653 692 730 897 235 285 642 875 349 540 178 191 775 505 918 148 266 329 914 224 441 925 549 952 315 398 424 800 363 322 210 210 795 188 52 306 507 310 680 147 135 42 967 749 679 403 354 838 227 531 14 69 366 266 411 628 
690 121 170 128 56 954 888 38 944 266 650 607 858 984 672 857 308 875 939 613 833 733 985 387 628 840 0 406 234 14 7 175 105 773 8 343 945 768 904 575 637 56 514 653 692 730 897 235 285 642 875 349 540 178 191 775 505 918 148 266 329 914 224 441 925 549 952 315 398 424 800 363 322 210 210 795 188 52 306 507 310 680 147 135 42 967 749 679 403 354 838 227 531 14 69 366 266 411 806 641 
121 170 128 56 954 888 38 944 266 650 607 858 984 672 857 308 875 939 613 833 733 985 387 628 840 641 406 0 14 7 175 105 773 8 343 945 768 904 575 637 56 514 653 692 730 897 235 285 642 875 349 540 178 191 775 505 918 148 266 329 914 224 441 925 549 952 315 398 424 800 363 322 210 210 795 188 52 306 507 310 680 147 135 42 967 749 679 403 354 838 227 531 14 69 366 266 411 806 690 234 
170 128 56 954 888 38 944 266 650 607 858 984 672 857 308 875 939 613 833 733 985 387 628 840 641 406 234 14 0 175 105 773 8 343 945 768 904 575 637 56 514 653 692 730 897 235 285 642 875 349 540 178 191 775 505 918 148 266 329 914 224 441 925 549 952 315 398 424 800 363 322 210 210 795 188 52 306 507 310 680 147 135 42 967 749 679 403 354 838 227 531 14 69 366 266 411 806 690 121 7 
128 56 954 888 38 944 266 650 607 858 984 672 857 308 875 939 613 833 733 985 387 628 840 641 406 234 14 7 175 0 773 8 343 945 768 904 575 637 56 514 653 692 730 897 235 285 642 875 349 540 178 191 775 505 918 148 266 329 914 224 441 925 549 952 315 398 424 800 363 322 210 210 795 188 52 306 507 310 680 147 135 42 967 749 679 403 354 838 227 531 14 69 366 266 411 806 690 121 170 105 
56 954 888 38 944 266 650 607 858 984 672 857 308 875 939 613 833 733 985 387 628 840 641 406 234 14 7 175 105 773 0 343 945 768 904 575 637 56 514 653 692 730 897 235 285 642 875 349 540 178 191 775 505 918 148 266 329 914 224 441 925 549 952 315 398 424 800 363 322 210 210 795 188 52 306 507 310 680 147 135 42 967 749 679 403 354 838 227 531 14 69 366 266 411 806 690 121 170 128 8 
954 888 38 944 266 650 607 858 984 672 857 308 875 939 613 833 733 985 387 628 840 641 406 234 14 7 175 105 773 8 343 0 768 904 575 637 56 514 653 692 730 897 235 285 642 875 349 540 178 191 775 505 918 148 266 329 914 224 441 925 549 952 315 398 424 800 363 322 210 210 795 188 52 306 507 310 680 147 135 42 967 749 679 403 354 838 227 531 14 69 366 266 411 806 690 121 170 128 56 945 
888 38 944 266 650 607 858 984 672 857 308 875 939 613 833 733 985 387 628 840 641 406 234 14 7 175 105 773 8 343 945 768 0 575 637 56 514 653 692 730 897 235 285 642 875 349 540 178 191 775 505 918 148 266 329 914 224 441 925 549 952 315 398 424 800 363 322 210 210 795 188 52 306 507 310 680 147 135 42 967 749 679 403 354 838 227 531 14 69 366 266 411 806 690 121 170 128 56 954 904 
38 944 266 650 607 858 984 672 857 308 875 939 613 833 733 985 387 628 840 641 406 234 14 7 175 105 773 8 343 945 768 904 575 0 56 514 653 692 730 897 235 285 642 875 349 540 178 191 775 505 918 148 266 329 914 224 441 925 549 952 315 398 424 800 363 322 210 210 795 188 52 306 507 310 680 147 135 42 967 749 679 403 354 838 227 531 14 69 366 266 411 806 690 121 170 128 56 954 888 637 
944 266 650 607 858 984 672 857 308 875 939 613 833 733 985 387 628 840 641 406 234 14 7 175 105 773 8 343 945 768 904 575 637 56 0 653 692 730 897 235 285 642 875 349 540 178 191 775 505 918 148 266 329 914 224 441 925 549 952 315 398 424 800 363 322 210 210 795 188 52 306 507 310 680 147 135 42 967 749 679 403 354 838 227 531 14 69 366 266 411 806 690 121 170 128 56 954 888 38 514 
266 650 607 858 984 672 857 308 875 939 613 833 733 985 387 628 840 641 406 234 14 7 175 105 773 8 343 945 768 904 575 637 56 514 653 0 730 897 235 285 642 875 349 540 178 191 775 505 918 148 266 329 914 224 441 925 549 952 315 398 424 800 363 322 210 210 795 188 52 306 507 310 680 147 135 42 967 749 679 403 354 838 227 531 14 69 366 266 411 806 690 121 170 128 56 954 888 38 944 692 
650 607 858 984 672 857 308 875 939 613 833 733 985 387 628 840 641 406 234 14 7 175 105 773 8 343 945 768 904 575 637 56 514 653 692 730 0 235 285 642 875 349 540 178 191 775 505 918 148 266 329 914 224 441 925 549 952 315 398 424 800 363 322 210 210 795 188 52 306 507 310 680 147 135 42 967 749 679 403 354 838 227 531 14 69 366 266 411 806 690 121 170 128 56 954 888 38 944 266 897 
607 858 984 672 857 308 875 939 613 833 733 985 387 628 840 641 406 234 14 7 175 105 773 8 343 945 768 904 575 637 56 514 653 692 730 897 235 0 642 875 349 540 178 191 775 505 918 148 266 329 914 224 441 925 549 952 315 398 424 800 363 322 210 210 795 188 52 306 507 310 680 147 135 42 967 749 679 403 354 838 227 531 14 69 366 266 411 806 690 121 170 128 56 954 888 38 944 266 650 285 
858 984 672 857 308 875 939 613 833 733 985 387 628 840 641 406 234 14 7 175 105 773 8 343 945 768 904 575 637 56 514 653 692 730 897 235 285 642 0 349 540 178 191 775 505 918 148 266 329 914 224 441 925 549 952 315 398 424 800 363 322 210 210 795 188 52 306 507 310 680 147 135 42 967 749 679 403 354 838 227 531 14 69 366 266 411 806 690 121 170 128 56 954 888 38 944 266 650 607 875 
984 672 857 308 875 939 613 833 733 985 387 628 840 641 406 234 14 7 175 105 773 8 343 945 768 904 575 637 56 514 653 692 730 897 235 285 642 875 349 0 178 191 775 505 918 148 266 329 914 224 441 925 549 952 315 398 424 800 363 322 210 210 795 188 52 306 507 310 680 147 135 42 967 749 679 403 354 838 227 531 14 69 366 266 411 806 690 121 170 128 56 954 888 38 944 266 650 607 858 540 
672 857 308 875 939 613 833 733 985 387 628 840 641 406 234 14 7 175 105 773 8 343 945 768 904 575 637 56 514 653 692 730 897 235 285 642 875 349 540 178 0 775 505 918 148 266 329 914 224 441 925 549 952 315 398 424 800 363 322 210 210 795 188 52 306 507 310 680 147 135 42 967 749 679 403 354 838 227 531 14 69 366 266 411 806 690 121 170 128 56 954 888 38 944 266 650 607 858 984 191 
857 308 875 939 613 833 733 985 387 628 840 641 406 234 14 7 175 105 773 8 343 945 768 904 575 637 56 514 653 692 730 897 235 285 642 875 349 540 178 191 775 0 918 148 266 329 914 224 441 925 549 952 315 398 424 800 363 322 210 210 795 188 52 306 507 310 680 147 135 42 967 749 679 403 354 838 227 531 14 69 366 266 411 806 690 121 170 128 56 954 888 38 944 266 650 607 858 984 672 505 
308 875 939 613 833 733 985 387 628 840 641 406 234 14 7 175 105 773 8 343 945 768 904 575 637 56 514 653 692 730 897 235 285 642 875 349 540 178 191 775 505 918 0 266 329 914 224 441 925 549 952 315 398 424 800 363 322 210 210 795 188 52 306 507 310 680 147 135 42 967 749 679 403 354 838 227 531 14 69 366 266 411 806 690 121 170 128 56 954 888 38 944 266 650 607 858 984 672 857 148 
875 939 613 833 733 985 387 628 840 641 406 234 14 7 175 105 773 8 343 945 768 904 575 637 56 514 653 692 730 897 235 285 642 875 349 540 178 191 775 505 918 148 266 0 914 224 441 925 549 952 315 398 424 800 363 322 210 210 795 188 52 306 507 310 680 147 135 42 967 749 679 403 354 838 227 531 14 69 366 266 411 806 690 121 170 128 56 954 888 38 944 266 650 607 858 984 672 857 308 329 
939 613 833 733 985 387 628 840 641 406 234 14 7 175 105 773 8 343 945 768 904 575 637 56 514 653 692 730 897 235 285 642 875 349 540 178 191 775 505 918 148 266 329 914 0 441 925 549 952 315 398 424 800 363 322 210 210 795 188 52 306 507 310 680 147 135 42 967 749 679 403 354 838 227 531 14 69 366 266 411 806 690 121 170 128 56 954 888 38 944 266 650 607 858 984 672 857 308 875 224 
613 833 733 985 387 628 840 641 406 234 14 7 175 105 773 8 343 945 768 904 575 637 56 514 653 692 730 897 235 285 642 875 349 540 178 191 775 505 918 148 266 329 914 224 441 0 549 952 315 398 424 800 363 322 210 210 795 188 52 306 507 310 680 147 135 42 967 749 679 403 354 838 227 531 14 69 366 266 411 806 690 121 170 128 56 954 888 38 944 266 650 607 858 984 672 857 308 875 939 925 
833 733 985 387 628 840 641 406 234 14 7 175 105 773 8 343 945 768 904 575 637 56 514 653 692 730 897 235 285 642 875 349 540 178 191 775 505 918 148 266 329 914 224 441 925 549 0 315 398 424 800 363 322 210 210 795 188 52 306 507 310 680 147 135 42 967 749 679 403 354 838 227 531 14 69 366 266 411 806 690 121 170 128 56 954 888 38 944 266 650 607 858 984 672 857 308 875 939 613 952 
733 985 387 628 840 641 406 234 14 7 175 105 773 8 343 945 768 904 575 637 56 514 653 692 730 897 235 285 642 875 349 540 178 191 775 505 918 148 266 329 914 224 441 925 549 952 315 0 424 800 363 322 210 210 795 188 52 306 507 310 680 147 135 42 967 749 679 403 354 838 227 531 14 69 366 266 411 806 690 121 170 128 56 954 888 38 944 266 650 607 858 984 672 857 308 875 939 613 833 398 
985 387 628 840 641 406 234 14 7 175 105 773 8 343 945 768 904 575 637 56 514 653 692 730 897 235 285 642 875 349 540 178 191 775 505 918 148 266 329 914 224 441 925 549 952 315 398 424 0 363 322 210 210 795 188 52 306 507 310 680 147 135 42 967 749 679 403 354 838 227 531 14 69 366 266 411 806 690 121 170 128 56 954 888 38 944 266 650 607 858 984 672 857 308 875 939 613 833 733 800 
387 628 840 641 406 234 14 7 175 105 773 8 343 945 768 904 575 637 56 514 653 692 730 897 235 285 642 875 349 540 178 191 775 505 918 148 266 329 914 224 441 925 549 952 315 398 424 800 363 0 210 210 795 188 52 306 507 310 680 147 135 42 967 749 679 403 354 838 227 531 14 69 366 266 411 806 690 121 170 128 56 954 888 38 944 266 650 607 858 984 672 857 308 875 939 613 833 733 985 322 
628 840 641 406 234 14 7 175 105 773 8 343 945 768 904 575 637 56 514 653 692 730 897 235 285 642 875 349 540 178 191 775 505 918 148 266 329 914 224 441 925 549 952 315 398 424 800 363 322 210 0 795 188 52 306 507 310 680 147 135 42 967 749 679 403 354 838 227 531 14 69 366 266 411 806 690 121 170 128 56 954 888 38 944 266 650 607 858 984 672 857 308 875 939 613 833 733 985 387 210 
840 641 406 234 14 7 175 105 773 8 343 945 768 904 575 637 56 514 653 692 730 897 235 285 642 875 349 540 178 191 775 505 918 148 266 329 914 224 441 925 549 952 315 398 424 800 363 322 210 210 795 0 52 306 507 310 680 147 135 42 967 749 679 403 354 838 227 531 14 69 366 266 411 806 690 121 170 128 56 954 888 38 944 266 650 607 858 984 672 857 308 875 939 613 833 733 985 387 628 188 
641 406 234 14 7 175 105 773 8 343 945 768 904 575 637 56 514 653 692 730 897 235 285 642 875 349 540 178 191 775 505 918 148 266 329 914 224 441 925 549 952 315 398 424 800 363 322 210 210 795 188 52 0 507 310 680 147 135 42 967 749 679 403 354 838 227 531 14 69 366 266 411 806 690 121 170 128 56 954 888 38 944 266 650 607 858 984 672 857 308 875 939 613 833 733 985 387 628 840 306 
406 234 14 7 175 105 773 8 343 945 768 904 575 637 56 514 653 692 730 897 235 285 642 875 349 540 178 191 775 505 918 148 266 329 914 224 441 925 549 952 315 398 424 800 363 322 210 210 795 188 52 306 507 0 680 147 135 42 967 749 679 403 354 838 227 531 14 69 366 266 411 806 690 121 170 128 56 954 888 38 944 266 650 607 858 984 672 857 308 875 939 613 833 733 985 387 628 840 641 310 
234 14 7 175 105 773 8 343 945 768 904 575 637 56 514 653 692 730 897 235 285 642 875 349 540 178 191 775 505 918 148 266 329 914 224 441 925 549 952 315 398 424 800 363 322 210 210 795 188 52 306 507 310 680 0 135 42 967 749 679 403 354 838 227 531 14 69 366 266 411 806 690 121 170 128 56 954 888 38 944 266 650 607 858 984 672 857 308 875 939 613 833 733 985 387 628 840 641 406 147 
14 7 175 105 773 8 343 945 768 904 575 637 56 514 653 692 730 897 235 285 642 875 349 540 178 191 775 505 918 148 266 329 914 224 441 925 549 952 315 398 424 800 363 322 210 210 795 188 52 306 507 310 680 147 135 0 967 749 679 403 354 838 227 531 14 69 366 266 411 806 690 121 170 128 56 954 888 38 944 266 650 607 858 984 672 857 308 875 939 613 833 733 985 387 628 840 641 406 234 42 
7 175 105 773 8 343 945 768 904 575 637 56 514 653 692 730 897 235 285 642 875 349 540 178 191 775 505 918 148 266 329 914 224 441 925 549 952 315 398 424 800 363 322 210 210 795 188 52 306 507 310 680 147 135 42 967 0 679 403 354 838 227 531 14 69 366 266 411 806 690 121 170 128 56 954 888 38 944 266 650 607 858 984 672 857 308 875 939 613 833 733 985 387 628 840 641 406 234 14 749 
175 105 773 8 343 945 768 904 575 637 56 514 653 692 730 897 235 285 642 875 349 540 178 191 775 505 918 148 266 329 914 224 441 925 549 952 315 398 424 800 363 322 210 210 795 188 52 306 507 310 680 147 135 42 967 749 679 0 354 838 227 531 14 69 366 266 411 806 690 121 170 128 56 954 888 38 944 266 650 607 858 984 672 857 308 875 939 613 833 733 985 387 628 840 641 406 234 14 7 403 
105 773 8 343 945 768 904 575 637 56 514 653 692 730 897 235 285 642 875 349 540 178 191 775 505 918 148 266 329 914 224 441 925 549 952 315 398 424 800 363 322 210 210 795 188 52 306 507 310 680 147 135 42 967 749 679 403 354 0 227 531 14 69 366 266 411 806 690 121 170 128 56 954 888 38 944 266 650 607 858 984 672 857 308 875 939 613 833 733 985 387 628 840 641 406 234 14 7 175 838 
773 8 343 945 768 904 575 637 56 514 653 692 730 897 235 285 642 875 349 540 178 191 775 505 918 148 266 329 914 224 441 925 549 952 315 398 424 800 363 322 210 210 795 188 52 306 507 310 680 147 135 42 967 749 679 403 354 838 227 0 14 69 366 266 411 806 690 121 170 128 56 954 888 38 944 266 650 607 858 984 672 857 308 875 939 613 833 733 985 387 628 840 641 406 234 14 7 175 105 531 
8 343 945 768 904 575 637 56 514 653 692 730 897 235 285 642 875 349 540 178 191 775 505 918 148 266 329 914 224 441 925 549 952 315 398 424 800 363 322 210 210 795 188 52 306 507 310 680 147 135 42 967 749 679 403 354 838 227 531 14 0 366 266 411 806 690 121 170 128 56 954 888 38 944 266 650 607 858 984 672 857 308 875 939 613 833 733 985 387 628 840 641 406 234 14 7 175 105 773 69 
343 945 768 904 575 637 56 514 653 692 730 897 235 285 642 875 349 540 178 191 775 505 918 148 266 329 914 224 441 925 549 952 315 398 424 800 363 322 210 210 795 188 52 306 507 310 680 147 135 42 967 749 679 403 354 838 227 531 14 69 366 0 411 806 690 121 170 128 56 954 888 38 944 266 650 607 858 984 672 857 308 875 939 613 833 733 985 387 628 840 641 406 234 14 7 175 105 773 8 266 
945 768 904 575 637 56 514 653 692 730 897 235 285 642 875 349 540 178 191 775 505 918 148 266 329 914 224 441 925 549 952 315 398 424 800 363 322 210 210 795 188 52 306 507 310 680 147 135 42 967 749 679 403 354 838 227 531 14 69 366 266 411 0 690 121 170 128 56 954 888 38 944 266 650 607 858 984 672 857 308 875 939 613 833 733 985 387 628 840 641 406 234 14 7 175 105 773 8 343 806 
768 904 575 637 56 514 653 692 730 897 235 285 642 875 349 540 178 191 775 505 918 148 266 329 914 224 441 925 549 952 315 398 424 800 363 322 210 210 795 188 52 306 507 310 680 147 135 42 967 749 679 403 354 838 227 531 14 69 366 266 411 806 690 0 170 128 56 954 888 38 944 266 650 607 858 984 672 857 308 875 939 613 833 733 985 387 628 840 641 406 234 14 7 175 105 773 8 343 945 121 
904 575 637 56 514 653 692 730 897 235 285 642 875 349 540 178 191 775 505 918 148 266 329 914 224 441 925 549 952 315 398 424 800 363 322 210 210 795 188 52 306 507 310 680 147 135 42 967 749 679 403 354 838 227 531 14 69 366 266 411 806 690 121 170 0 56 954 888 38 944 266 650 607 858 984 672 857 308 875 939 613 833 733 985 387 628 840 641 406 234 14 7 175 105 773 8 343 945 768 128 
575 637 56 514 653 692 730 897 235 285 642 875 349 540 178 191 775 505 918 148 266 329 914 224 441 925 549 952 315 398 424 800 363 322 210 210 795 188 52 306 507 310 680 147 135 42 967 749 679 403 354 838 227 531 14 69 366 266 411 806 690 121 170 128 56 0 888 38 944 266 650 607 858 984 672 857 308 875 939 613 833 733 985 387 628 840 641 406 234 14 7 175 105 773 8 343 945 768 904 954 
637 56 514 653 692 730 897 235 285 642 875 349 540 178 191 775 505 918 148 266 329 914 224 441 925 549 952 315 398 424 800 363 322 210 210 795 188 52 306 507 310 680 147 135 42 967 749 679 403 354 838 227 531 14 69 366 266 411 806 690 121 170 128 56 954 888 0 944 266 650 607 858 984 672 857 308 875 939 613 833 733 985 387 628 840 641 406 234 14 7 175 105 773 8 343 945 768 904 575 38 
56 514 653 692 730 897 235 285 642 875 349 540 178 191 775 505 918 148 266 329 914 224 441 925 549 952 315 398 424 800 363 322 210 210 795 188 52 306 507 310 680 147 135 42 967 749 679 403 354 838 227 531 14 69 366 266 411 806 690 121 170 128 56 954 888 38 944 0 650 607 858 984 672 857 308 875 939 613 833 733 985 387 628 840 641 406 234 14 7 175 105 773 8 343 945 768 904 575 637 266 
514 653 692 730 897 235 285 642 875 349 540 178 191 775 505 918 148 266 329 914 224 441 925 549 952 315 398 424 800 363 322 210 210 795 188 52 306 507 310 680 147 135 42 967 749 679 403 354 838 227 531 14 69 366 266 411 806 690 121 170 128 56 954 888 38 944 266 650 0 858 984 672 857 308 875 939 613 833 733 985 387 628 840 641 406 234 14 7 175 105 773 8 343 945 768 904 575 637 56 607 
653 692 730 897 235 285 642 875 349 540 178 191 775 505 918 148 266 329 914 224 441 925 549 952 315 398 424 800 363 322 210 210 795 188 52 306 507 310 680 147 135 42 967 749 679 403 354 838 227 531 14 69 366 266 411 806 690 121 170 128 56 954 888 38 944 266 650 607 858 0 672 857 308 875 939 613 833 733 985 387 628 840 641 406 234 14 7 175 105 773 8 343 945 768 904 575 637 56 514 984 
692 730 897 235 285 642 875 349 540 178 191 775 505 918 148 266 329 914 224 441 925 549 952 315 398 424 800 363 322 210 210 795 188 52 306 507 310 680 147 135 42 967 749 679 403 354 838 227 531 14 69 366 266 411 806 690 121 170 128 56 954 888 38 944 266 650 607 858 984 672 0 308 875 939 613 833 733 985 387 628 840 641 406 234 14 7 175 105 773 8 343 945 768 904 575 637 56 514 653 857 
730 897 235 285 642 875 349 540 178 191 775 505 918 148 266 329 914 224 441 925 549 952 315 398 424 800 363 322 210 210 795 188 52 306 507 310 680 147 135 42 967 749 679 403 354 838 227 531 14 69 366 266 411 806 690 121 170 128 56 954 888 38 944 266 650 607 858 984 672 857 308 0 939 613 833 733 985 387 628 840 641 406 234 14 7 175 105 773 8 343 945 768 904 575 637 56 514 653 692 875 
897 235 285 642 875 349 540 178 191 775 505 918 148 266 329 914 224 441 925 549 952 315 398 424 800 363 322 210 210 795 188 52 306 507 310 680 147 135 42 967 749 679 403 354 838 227 531 14 69 366 266 411 806 690 121 170 128 56 954 888 38 944 266 650 607 858 984 672 857 308 875 939 0 833 733 985 387 628 840 641 406 234 14 7 175 105 773 8 343 945 768 904 575 637 56 514 653 692 730 613 
235 285 642 875 349 540 178 191 775 505 918 148 266 329 914 224 441 925 549 952 315 398 424 800 363 322 210 210 795 188 52 306 507 310 680 147 135 42 967 749 679 403 354 838 227 531 14 69 366 266 411 806 690 121 170 128 56 954 888 38 944 266 650 607 858 984 672 857 308 875 939 613 833 0 985 387 628 840 641 406 234 14 7 175 105 773 8 343 945 768 904 575 637 56 514 653 692 730 897 733 
285 642 875 349 540 178 191 775 505 918 148 266 329 914 224 441 925 549 952 315 398 424 800 363 322 210 210 795 188 52 306 507 310 680 147 135 42 967 749 679 403 354 838 227 531 14 69 366 266 411 806 690 121 170 128 56 954 888 38 944 266 650 607 858 984 672 857 308 875 939 613 833 733 985 0 628 840 641 406 234 14 7 175 105 773 8 343 945 768 904 575 637 56 514 653 692 730 897 235 387 
642 875 349 540 178 191 775 505 918 148 266 329 914 224 441 925 549 952 315 398 424 800 363 322 210 210 795 188 52 306 507 310 680 147 135 42 967 749 679 403 354 838 227 531 14 69 366 266 411 806 690 121 170 128 56 954 888 38 944 266 650 607 858 984 672 857 308 875 939 613 833 733 985 387 628 0 641 406 234 14 7 175 105 773 8 343 945 768 904 575 637 56 514 653 692 730 897 235 285 840 
875 349 540 178 191 775 505 918 148 266 329 914 224 441 925 549 952 315 398 424 800 363 322 210 210 795 188 52 306 507 310 680 147 135 42 967 749 679 403 354 838 227 531 14 69 366 266 411 806 690 121 170 128 56 954 888 38 944 266 650 607 858 984 672 857 308 875 939 613 833 733 985 387 628 840 641 0 234 14 7 175 105 773 8 343 945 768 904 575 637 56 514 653 692 730 897 235 285 642 406 
349 540 178 191 775 505 918 148 266 329 914 224 441 925 549 952 315 398 424 800 363 322 210 210 795 188 52 306 507 310 680 147 135 42 967 749 679 403 354 838 227 531 14 69 366 266 411 806 690 121 170 128 56 954 888 38 944 266 650 607 858 984 672 857 308 875 939 613 833 733 985 387 628 840 641 406 234 0 7 175 105 773 8 343 945 768 904 575 637 56 514 653 692 730 897 235 285 642 875 14 
540 178 191 775 505 918 148 266 329 914 224 441 925 549 952 315 398 424 800 363 322 210 210 795 188 52 306 507 310 680 147 135 42 967 749 679 403 354 838 227 531 14 69 366 266 411 806 690 121 170 128 56 954 888 38 944 266 650 607 858 984 672 857 308 875 939 613 833 733 985 387 628 840 641 406 234 14 7 0 105 773 8 343 945 768 904 575 637 56 514 653 692 730 897 235 285 642 875 349 175 
178 191 775 505 918 148 266 329 914 224 441 925 549 952 315 398 424 800 363 322 210 210 795 188 52 306 507 310 680 147 135 42 967 749 679 403 354 838 227 531 14 69 366 266 411 806 690 121 170 128 56 954 888 38 944 266 650 607 858 984 672 857 308 875 939 613 833 733 985 387 628 840 641 406 234 14 7 175 105 0 8 343 945 768 904 575 637 56 514 653 692 730 897 235 285 642 875 349 540 773 
191 775 505 918 148 266 329 914 224 441 925 549 952 315 398 424 800 363 322 210 210 795 188 52 306 507 310 680 147 135 42 967 749 679 403 354 838 227 531 14 69 366 266 411 806 690 121 170 128 56 954 888 38 944 266 650 607 858 984 672 857 308 875 939 613 833 733 985 387 628 840 641 406 234 14 7 175 105 773 8 0 945 768 904 575 637 56 514 653 692 730 897 235 285 642 875 349 540 178 343 
775 505 918 148 266 329 914 224 441 925 549 952 315 398 424 800 363 322 210 210 795 188 52 306 507 310 680 147 135 42 967 749 679 403 354 838 227 531 14 69 366 266 411 806 690 121 170 128 56 954 888 38 944 266 650 607 858 984 672 857 308 875 939 613 833 733 985 387 628 840 641 406 234 14 7 175 105 773 8 343 945 0 904 575 637 56 514 653 692 730 897 235 285 642 875 349 540 178 191 768 
505 918 148 266 329 914 224 441 925 549 952 315 398 424 800 363 322 210 210 795 188 52 306 507 310 680 147 135 42 967 749 679 403 354 838 227 531 14 69 366 266 411 806 690 121 170 128 56 954 888 38 944 266 650 607 858 984 672 857 308 875 939 613 833 733 985 387 628 840 641 406 234 14 7 175 105 773 8 343 945 768 904 0 637 56 514 653 692 730 897 235 285 642 875 349 540 178 191 775 575 
918 148 266 329 914 224 441 925 549 952 315 398 424 800 363 322 210 210 795 188 52 306 507 310 680 147 135 42 967 749 679 403 354 838 227 531 14 69 366 266 411 806 690 121 170 128 56 954 888 38 944 266 650 607 858 984 672 857 308 875 939 613 833 733 985 387 628 840 641 406 234 14 7 175 105 773 8 343 945 768 904 575 637 0 514 653 692 730 897 235 285 642 875 349 540 178 191 775 505 56 
148 266 329 914 224 441 925 549 952 315 398 424 800 363 322 210 210 795 188 52 306 507 310 680 147 135 42 967 749 679 403 354 838 227 531 14 69 366 266 411 806 690 121 170 128 56 954 888 38 944 266 650 607 858 984 672 857 308 875 939 613 833 733 985 387 628 840 641 406 234 14 7 175 105 773 8 343 945 768 904 575 637 56 514 0 692 730 897 235 285 642 875 349 540 178 191 775 505 918 653 
266 329 914 224 441 925 549 952 315 398 424 800 363 322 210 210 795 188 52 306 507 310 680 147 135 42 967 749 679 403 354 838 227 531 14 69 366 266 411 806 690 121 170 128 56 954 888 38 944 266 650 607 858 984 672 857 308 875 939 613 833 733 985 387 628 840 641 406 234 14 7 175 105 773 8 343 945 768 904 575 637 56 514 653 692 0 897 235 285 642 875 349 540 178 191 775 505 918 148 730 
329 914 224 441 925 549 952 315 398 424 800 363 322 210 210 795 188 52 306 507 310 680 147 135 42 967 749 679 403 354 838 227 531 14 69 366 266 411 806 690 121 170 128 56 954 888 38 944 266 650 607 858 984 672 857 308 875 939 613 833 733 985 387 628 840 641 406 234 14 7 175 105 773 8 343 945 768 904 575 637 56 514 653 692 730 897 0 285 642 875 349 540 178 191 775 505 918 148 266 235 
914 224 441 925 549 952 315 398 424 800 363 322 210 210 795 188 52 306 507 310 680 147 135 42 967 749 679 403 354 838 227 531 14 69 366 266 411 806 690 121 170 128 56 954 888 38 944 266 650 607 858 984 672 857 308 875 939 613 833 733 985 387 628 840 641 406 234 14 7 175 105 773 8 343 945 768 904 575 637 56 514 653 692 730 897 235 285 0 875 349 540 178 191 775 505 918 148 266 329 642 
224 441 925 549 952 315 398 424 800 363 322 210 210 795 188 52 306 507 310 680 147 135 42 967 749 679 403 354 838 227 531 14 69 366 266 411 806 690 121 170 128 56 954 888 38 944 266 650 607 858 984 672 857 308 875 939 613 833 733 985 387 628 840 641 406 234 14 7 175 105 773 8 343 945 768 904 575 637 56 514 653 692 730 897 235 285 642 875 0 540 178 191 775 505 918 148 266 329 914 349 
441 925 549 952 315 398 424 800 363 322 210 210 795 188 52 306 507 310 680 147 135 42 967 749 679 403 354 838 227 531 14 69 366 266 411 806 690 121 170 128 56 954 888 38 944 266 650 607 858 984 672 857 308 875 939 613 833 733 985 387 628 840 641 406 234 14 7 175 105 773 8 343 945 768 904 575 637 56 514 653 692 730 897 235 285 642 875 349 540 0 191 775 505 918 148 266 329 914 224 178 
925 549 952 315 398 424 800 363 322 210 210 795 188 52 306 507 310 680 147 135 42 967 749 679 403 354 838 227 531 14 69 366 266 411 806 690 121 170 128 56 954 888 38 944 266 650 607 858 984 672 857 308 875 939 613 833 733 985 387 628 840 641 406 234 14 7 175 105 773 8 343 945 768 904 575 637 56 514 653 692 730 897 235 285 642 875 349 540 178 191 0 505 918 148 266 329 914 224 441 775 
549 952 315 398 424 800 363 322 210 210 795 188 52 306 507 310 680 147 135 42 967 749 679 403 354 838 227 531 14 69 366 266 411 806 690 121 170 128 56 954 888 38 944 266 650 607 858 984 672 857 308 875 939 613 833 733 985 387 628 840 641 406 234 14 7 175 105 773 8 343 945 768 904 575 637 56 514 653 692 730 897 235 285 642 875 349 540 178 191 775 505 0 148 266 329 914 224 441 925 918 
952 315 398 424 800 363 322 210 210 795 188 52 306 507 310 680 147 135 42 967 749 679 403 354 838 227 531 14 69 366 266 411 806 690 121 170 128 56 954 888 38 944 266 650 607 858 984 672 857 308 875 939 613 833 733 985 387 628 840 641 406 234 14 7 175 105 773 8 343 945 768 904 575 637 56 514 653 692 730 897 235 285 642 875 349 540 178 191 775 505 918 148 0 329 914 224 441 925 549 266 
315 398 424 800 363 322 210 210 795 188 52 306 507 310 680 147 135 42 967 749 679 403 354 838 227 531 14 69 366 266 411 806 690 121 170 128 56 954 888 38 944 266 650 607 858 984 672 857 308 875 939 613 833 733 985 387 628 840 641 406 234 14 7 175 105 773 8 343 945 768 904 575 637 56 514 653 692 730 897 235 285 642 875 349 540 178 191 775 505 918 148 266 329 0 224 441 925 549 952 914 
398 424 800 363 322 210 210 795 188 52 306 507 310 680 147 135 42 967 749 679 403 354 838 227 531 14 69 366 266 411 806 690 121 170 128 56 954 888 38 944 266 650 607 858 984 672 857 308 875 939 613 833 733 985 387 628 840 641 406 234 14 7 175 105 773 8 343 945 768 904 575 637 56 514 653 692 730 897 235 285 642 875 349 540 178 191 775 505 918 148 266 329 914 224 0 925 549 952 315 441 
424 800 363 322 210 210 795 188 52 306 507 310 680 147 135 42 967 749 679 403 354 838 227 531 14 69 366 266 411 806 690 121 170 128 56 954 888 38 944 266 650 607 858 984 672 857 308 875 939 613 833 733 985 387 628 840 641 406 234 14 7 175 105 773 8 343 945 768 904 575 637 56 514 653 692 730 897 235 285 642 875 349 540 178 191 775 505 918 148 266 329 914 224 441 925 0 952 315 398 549 
800 363 322 210 210 795 188 52 306 507 310 680 147 135 42 967 749 679 403 354 838 227 531 14 69 366 266 411 806 690 121 170 128 56 954 888 38 944 266 650 607 858 984 672 857 308 875 939 613 833 733 985 387 628 840 641 406 234 14 7 175 105 773 8 343 945 768 904 575 637 56 514 653 692 730 897 235 285 642 875 349 540 178 191 775 505 918 148 266 329 914 224 441 925 549 952 0 398 424 315 
363 322 210 210 795 188 52 306 507 310 680 147 135 42 967 749 679 403 354 838 227 531 14 69 366 266 411 806 690 121 170 128 56 954 888 38 944 266 650 607 858 984 672 857 308 875 939 613 833 733 985 387 628 840 641 406 234 14 7 175 105 773 8 343 945 768 904 575 637 56 514 653 692 730 897 235 285 642 875 349 540 178 191 775 505 918 148 266 329 914 224 441 925 549 952 315 398 0 800 424 
322 210 210 795 188 52 306 507 310 680 147 135 42 967 749 679 403 354 838 227 531 14 69 366 266 411 806 690 121 170 128 56 954 888 38 944 266 650 607 858 984 672 857 308 875 939 613 833 733 985 387 628 840 641 406 234 14 7 175 105 773 8 343 945 768 904 575 637 56 514 653 692 730 897 235 285 642 875 349 540 178 191 775 505 918 148 266 329 914 224 441 925 549 952 315 398 424 800 0 363 
210 795 52 507 680 135 967 679 354 227 14 366 411 690 170 56 888 944 650 858 672 308 939 833 985 628 641 234 7 105 8 945 904 637 514 692 897 285 875 540 191 505 148 329 224 925 952 398 800 322 210 188 306 310 147 42 749 403 838 531 69 266 806 121 128 954 38 266 607 984 857 875 613 733 387 840 406 14 175 773 343 768 575 56 653 730 235 642 349 178 775 918 266 914 441 549 315 424 363 0 
