0 753 189 475 121 186 322 248 554 743 954 737 450 489 990 531 690 689 181 262 870 996 762 429 335 806 210 42 642 225 300 314 957 786 571 485 71 684 631 169 754 573 250 617 809 740 972 977 797 194 39 367 697 798 405 396 371 651 917 471 470 798 909 817 314 798 959 308 298 474 358 424 768 667 85 177 126 504 156 563 875 596 823 987 675 600 223 283 560 254 723 699 492 336 615 756 69 962 105 13 
753 0 475 121 186 322 248 554 743 954 737 450 489 990 531 690 689 181 262 870 996 762 429 335 806 210 42 642 225 300 314 957 786 571 485 71 684 631 169 754 573 250 617 809 740 972 977 797 194 39 367 697 798 405 396 371 651 917 471 470 798 909 817 314 798 959 308 298 474 358 424 768 667 85 177 126 504 156 563 875 596 823 987 675 600 223 283 560 254 723 699 492 336 615 756 69 962 105 13 189 
189 475 0 186 322 248 554 743 954 737 450 489 990 531 690 689 181 262 870 996 762 429 335 806 210 42 642 225 300 314 957 786 571 485 71 684 631 169 754 573 250 617 809 740 972 977 797 194 39 367 697 798 405 396 371 651 917 471 470 798 909 817 314 798 959 308 298 474 358 424 768 667 85 177 126 504 156 563 875 596 823 987 675 600 223 283 560 254 723 699 492 336 615 756 69 962 105 13 753 121 
475 121 186 0 248 554 743 954 737 450 489 990 531 690 689 181 262 870 996 762 429 335 806 210 42 642 225 300 314 957 786 571 485 71 684 631 169 754 573 250 617 809 740 972 977 797 194 39 367 697 798 405 396 371 651 917 471 470 798 909 817 314 798 959 308 298 474 358 424 768 667 85 177 126 504 156 563 875 596 823 987 675 600 223 283 560 254 723 699 492 336 615 756 69 962 105 13 753 189 322 
121 186 322 248 0 743 954 737 450 489 990 531 690 689 181 262 870 996 762 429 335 806 210 42 642 225 300 314 957 786 571 485 71 684 631 169 754 573 250 617 809 740 972 977 797 194 39 367 697 798 405 396 371 651 917 471 470 798 909 817 314 798 959 308 298 474 358 424 768 667 85 177 126 504 156 563 875 596 823 987 675 600 223 283 560 254 723 699 492 336 615 756 69 962 105 13 753 189 475 554 
186 322 248 554 743 0 737 450 489 990 531 690 689 181 262 870 996 762 429 335 806 210 42 642 225 300 314 957 786 571 485 71 684 631 169 754 573 250 617 809 740 972 977 797 194 39 367 697 798 405 396 371 651 917 471 470 798 909 817 314 798 959 308 298 474 358 424 768 667 85 177 126 504 156 563 875 596 823 987 675 600 223 283 560 254 723 699 492 336 615 756 69 962 105 13 753 189 475 121 954 
322 248 554 743 954 737 0 489 990 531 690 689 181 262 870 996 762 429 335 806 210 42 642 225 300 314 957 786 571 485 71 684 631 169 754 573 250 617 809 740 972 977 797 194 39 367 697 798 405 396 371 651 917 471 470 798 909 817 314 798 959 308 298 474 358 424 768 667 85 177 126 504 156 563 875 596 823 987 675 600 223 283 560 254 723 699 492 336 615 756 69 962 105 13 753 189 475 121 186 450 
248 554 743 954 737 450 489 0 531 690 689 181 262 870 996 762 429 335 806 210 42 642 225 300 314 957 786 571 485 71 684 631 169 754 573 250 617 809 740 972 977 797 194 39 367 697 798 405 396 371 651 917 471 470 798 909 817 314 798 959 308 298 474 358 424 768 667 85 177 126 504 156 563 875 596 823 987 675 600 223 283 560 254 723 699 492 336 615 756 69 962 105 13 753 189 475 121 186 322 990 
554 743 954 737 450 489 990 531 0 689 181 262 870 996 762 429 335 806 210 42 642 225 300 314 957 786 571 485 71 684 631 169 754 573 250 617 809 740 972 977 797 194 39 367 697 798 405 396 371 651 917 471 470 798 909 817 314 798 959 308 298 474 358 424 768 667 85 177 126 504 156 563 875 596 823 987 675 600 223 283 560 254 723 699 492 336 615 756 69 962 105 13 753 189 475 121 186 322 248 690 
743 954 737 450 489 990 531 690 689 0 262 870 996 762 429 335 806 210 42 642 225 300 314 957 786 571 485 71 684 631 169 754 573 250 617 809 740 972 977 797 194 39 367 697 798 405 396 371 651 917 471 470 798 909 817 314 798 959 308 298 474 358 424 768 667 85 177 126 504 156 563 875 596 823 987 675 600 223 283 560 254 723 699 492 336 615 756 69 962 105 13 753 189 475 121 186 322 248 554 181 
954 737 450 489 990 531 690 689 181 262 0 996 762 429 335 806 210 42 642 225 300 314 957 786 571 485 71 684 631 169 754 573 250 617 809 740 972 977 797 194 39 367 697 798 405 396 371 651 917 471 470 798 909 817 314 798 959 308 298 474 358 424 768 667 85 177 126 504 156 563 875 596 823 987 675 600 223 283 560 254 723 699 492 336 615 756 69 962 105 13 753 189 475 121 186 322 248 554 743 870 
737 450 489 990 531 690 689 181 262 870 996 0 429 335 806 210 42 642 225 300 314 957 786 571 485 71 684 631 169 754 573 250 617 809 740 972 977 797 194 39 367 697 798 405 396 371 651 917 471 470 798 909 817 314 798 959 308 298 474 358 424 768 667 85 177 126 504 156 563 875 596 823 987 675 600 223 283 560 254 723 699 492 336 615 756 69 962 105 13 753 189 475 121 186 322 248 554 743 954 762 
450 489 990 531 690 689 181 262 870 996 762 429 0 806 210 42 642 225 300 314 957 786 571 485 71 684 631 169 754 573 250 617 809 740 972 977 797 194 39 367 697 798 405 396 371 651 917 471 470 798 909 817 314 798 959 308 298 474 358 424 768 667 85 177 126 504 156 563 875 596 823 987 675 600 223 283 560 254 723 699 492 336 615 756 69 962 105 13 753 189 475 121 186 322 248 554 743 954 737 335 
489 990 531 690 689 181 262 870 996 762 429 335 806 0 42 642 225 300 314 957 786 571 485 71 684 631 169 754 573 250 617 809 740 972 977 797 194 39 367 697 798 405 396 371 651 917 471 470 798 909 817 314 798 959 308 298 474 358 424 768 667 85 177 126 504 156 563 875 596 823 987 675 600 223 283 560 254 723 699 492 336 615 756 69 962 105 13 753 189 475 121 186 322 248 554 743 954 737 450 210 
990 531 690 689 181 262 870 996 762 429 335 806 210 42 0 225 300 314 957 786 571 485 71 684 631 169 754 573 250 617 809 740 972 977 797 194 39 367 697 798 405 396 371 651 917 471 470 798 909 817 314 798 959 308 298 474 358 424 768 667 85 177 126 504 156 563 875 596 823 987 675 600 223 283 560 254 723 699 492 336 615 756 69 962 105 13 753 189 475 121 186 322 248 554 743 954 737 450 489 642 
531 690 689 181 262 870 996 762 429 335 806 210 42 642 225 0 314 957 786 571 485 71 684 631 169 754 573 250 617 809 740 972 977 797 194 39 367 697 798 405 396 371 651 917 471 470 798 909 817 314 798 959 308 298 474 358 424 768 667 85 177 126 504 156 563 875 596 823 987 675 600 223 283 560 254 723 699 492 336 615 756 69 962 105 13 753 189 475 121 186 322 248 554 743 954 737 450 489 990 300 
690 689 181 262 870 996 762 429 335 806 210 42 642 225 300 314 0 786 571 485 71 684 631 169 754 573 250 617 809 740 972 977 797 194 39 367 697 798 405 396 371 651 917 471 470 798 909 817 314 798 959 308 298 474 358 424 768 667 85 177 126 504 156 563 875 596 823 987 675 600 223 283 560 254 723 699 492 336 615 756 69 962 105 13 753 189 475 121 186 322 248 554 743 954 737 450 489 990 531 957 
689 181 262 870 996 762 429 335 806 210 42 642 225 300 314 957 786 0 485 71 684 631 169 754 573 250 617 809 740 972 977 797 194 39 367 697 798 405 396 371 651 917 471 470 798 909 817 314 798 959 308 298 474 358 424 768 667 85 177 126 504 156 563 875 596 823 987 675 600 223 283 560 254 723 699 492 336 615 756 69 962 105 13 753 189 475 121 186 322 248 554 743 954 737 450 489 990 531 690 571 
181 262 870 996 762 429 335 806 210 42 642 225 300 314 957 786 571 485 0 684 631 169 754 573 250 617 809 740 972 977 797 194 39 367 697 798 405 396 371 651 917 471 470 798 909 817 314 798 959 308 298 474 358 424 768 667 85 177 126 504 156 563 875 596 823 987 675 600 223 283 560 254 723 699 492 336 615 756 69 962 105 13 753 189 475 121 186 322 248 554 743 954 737 450 489 990 531 690 689 71 
262 870 996 762 429 335 806 210 42 642 225 300 314 957 786 571 485 71 684 0 169 754 573 250 617 809 740 972 977 797 194 39 367 697 798 405 396 371 651 917 471 470 798 909 817 314 798 959 308 298 474 358 424 768 667 85 177 126 504 156 563 875 596 823 987 675 600 223 283 560 254 723 699 492 336 615 756 69 962 105 13 753 189 475 121 186 322 248 554 743 954 737 450 489 990 531 690 689 181 631 
870 996 762 429 335 806 210 42 642 225 300 314 957 786 571 485 71 684 631 169 0 573 250 617 809 740 972 977 797 194 39 367 697 798 405 396 371 651 917 471 470 798 909 817 314 798 959 308 298 474 358 424 768 667 85 177 126 504 156 563 875 596 823 987 675 600 223 283 560 254 723 699 492 336 615 756 69 962 105 13 753 189 475 121 186 322 248 554 743 954 737 450 489 990 531 690 689 181 262 754 
996 762 429 335 806 210 42 642 225 300 314 957 786 571 485 71 684 631 169 754 573 0 617 809 740 972 977 797 194 39 367 697 798 405 396 371 651 917 471 470 798 909 817 314 798 959 308 298 474 358 424 768 667 85 177 126 504 156 563 875 596 823 987 675 600 223 283 560 254 723 699 492 336 615 756 69 962 105 13 753 189 475 121 186 322 248 554 743 954 737 450 489 990 531 690 689 181 262 870 250 
762 429 335 806 210 42 642 225 300 314 957 786 571 485 71 684 631 169 754 573 250 617 0 740 972 977 797 194 39 367 697 798 405 396 371 651 917 471 470 798 909 817 314 798 959 308 298 474 358 424 768 667 85 177 126 504 156 563 875 596 823 987 675 600 223 283 560 254 723 699 492 336 615 756 69 962 105 13 753 189 475 121 186 322 248 554 743 954 737 450 489 990 531 690 689 181 262 870 996 809 
429 335 806 210 42 642 225 300 314 957 786 571 485 71 684 631 169 754 573 250 617 809 740 0 977 797 194 39 367 697 798 405 396 371 651 917 471 470 798 909 817 314 798 959 308 298 474 358 424 768 667 85 177 126 504 156 563 875 596 823 987 675 600 223 283 560 254 723 699 492 336 615 756 69 962 105 13 753 189 475 121 186 322 248 554 743 954 737 450 489 990 531 690 689 181 262 870 996 762 972 
335 806 210 42 642 225 300 314 957 786 571 485 71 684 631 169 754 573 250 617 809 740 972 977 0 194 39 367 697 798 405 396 371 651 917 471 470 798 909 817 314 798 959 308 298 474 358 424 768 667 85 177 126 504 156 563 875 596 823 987 675 600 223 283 560 254 723 699 492 336 615 756 69 962 105 13 753 189 475 121 186 322 248 554 743 954 737 450 489 990 531 690 689 181 262 870 996 762 429 797 
806 210 42 642 225 300 314 957 786 571 485 71 684 631 169 754 573 250 617 809 740 972 977 797 194 0 367 697 798 405 396 371 651 917 471 470 798 909 817 314 798 959 308 298 474 358 424 768 667 85 177 126 504 156 563 875 596 823 987 675 600 223 283 560 254 723 699 492 336 615 756 69 962 105 13 753 189 475 121 186 322 248 554 743 954 737 450 489 990 531 690 689 181 262 870 996 762 429 335 39 
210 42 642 225 300 314 957 786 571 485 71 684 631 169 754 573 250 617 809 740 972 977 797 194 39 367 0 798 405 396 371 651 917 471 470 798 909 817 314 798 959 308 298 474 358 424 768 667 85 177 126 504 156 563 875 596 823 987 675 600 223 283 560 254 723 699 492 336 615 756 69 962 105 13 753 189 475 121 186 322 248 554 743 954 737 450 489 990 531 690 689 181 262 870 996 762 429 335 806 697 
42 642 225 300 314 957 786 571 485 71 684 631 169 754 573 250 617 809 740 972 977 797 194 39 367 697 798 0 396 371 651 917 471 470 798 909 817 314 798 959 308 298 474 358 424 768 667 85 177 126 504 156 563 875 596 823 987 675 600 223 283 560 254 723 699 492 336 615 756 69 962 105 13 753 189 475 121 186 322 248 554 743 954 737 450 489 990 531 690 689 181 262 870 996 762 429 335 806 210 405 
642 225 300 314 957 786 571 485 71 684 631 169 754 573 250 617 809 740 972 977 797 194 39 367 697 798 405 396 0 651 917 471 470 798 909 817 314 798 959 308 298 474 358 424 768 667 85 177 126 504 156 563 875 596 823 987 675 600 223 283 560 254 723 699 492 336 615 756 69 962 105 13 753 189 475 121 186 322 248 554 743 954 737 450 489 990 531 690 689 181 262 870 996 762 429 335 806 210 42 371 
225 300 314 957 786 571 485 71 684 631 169 754 573 250 617 809 740 972 977 797 194 39 367 697 798 405 396 371 651 0 471 470 798 909 817 314 798 959 308 298 474 358 424 768 667 85 177 126 504 156 563 875 596 823 987 675 600 223 283 560 254 723 699 492 336 615 756 69 962 105 13 753 189 475 121 186 322 248 554 743 954 737 450 489 990 531 690 689 181 262 870 996 762 429 335 806 210 42 642 917 
300 314 957 786 571 485 71 684 631 169 754 573 250 617 809 740 972 977 797 194 39 367 697 798 405 396 371 651 917 471 0 798 909 817 314 798 959 308 298 474 358 424 768 667 85 177 126 504 156 563 875 596 823 987 675 600 223 283 560 254 723 699 492 336 615 756 69 962 105 13 753 189 475 121 186 322 248 554 743 954 737 450 489 990 531 690 689 181 262 870 996 762 429 335 806 210 42 642 225 470 
314 957 786 571 485 71 684 631 169 754 573 250 617 809 740 972 977 797 194 39 367 697 798 405 396 371 651 917 471 470 798 0 817 314 798 959 308 298 474 358 424 768 667 85 177 126 504 156 563 875 596 823 987 675 600 223 283 560 254 723 699 492 336 615 756 69 962 105 13 753 189 475 121 186 322 248 554 743 954 737 450 489 990 531 690 689 181 262 870 996 762 429 335 806 210 42 642 225 300 909 
957 786 571 485 71 684 631 169 754 573 250 617 809 740 972 977 797 194 39 367 697 798 405 396 371 651 917 471 470 798 909 817 0 798 959 308 298 474 358 424 768 667 85 177 126 504 156 563 875 596 823 987 675 600 223 283 560 254 723 699 492 336 615 756 69 962 105 13 753 189 475 121 186 322 248 554 743 954 737 450 489 990 531 690 689 181 262 870 996 762 429 335 806 210 42 642 225 300 314 314 
786 571 485 71 684 631 169 754 573 250 617 809 740 972 977 797 194 39 367 697 798 405 396 371 651 917 471 470 798 909 817 314 798 0 308 298 474 358 424 768 667 85 177 126 504 156 563 875 596 823 987 675 600 223 283 560 254 723 699 492 336 615 756 69 962 105 13 753 189 475 121 186 322 248 554 743 954 737 450 489 990 531 690 689 181 262 870 996 762 429 335 806 210 42 642 225 300 314 957 959 
571 485 71 684 631 169 754 573 250 617 809 740 972 977 797 194 39 367 697 798 405 396 371 651 917 471 470 798 909 817 314 798 959 308 0 474 358 424 768 667 85 177 126 504 156 563 875 596 823 987 675 600 223 283 560 254 723 699 492 336 615 756 69 962 105 13 753 189 475 121 186 322 248 554 743 954 737 450 489 990 531 690 689 181 262 870 996 762 429 335 806 210 42 642 225 300 314 957 786 298 
485 71 684 631 169 754 573 250 617 809 740 972 977 797 194 39 367 697 798 405 396 371 651 917 471 470 798 909 817 314 798 959 308 298 474 0 424 768 667 85 177 126 504 156 563 875 596 823 987 675 600 223 283 560 254 723 699 492 336 615 756 69 962 105 13 753 189 475 121 186 322 248 554 743 954 737 450 489 990 531 690 689 181 262 870 996 762 429 335 806 210 42 642 225 300 314 957 786 571 358 
71 684 631 169 754 573 250 617 809 740 972 977 797 194 39 367 697 798 405 396 371 651 917 471 470 798 909 817 314 798 959 308 298 474 358 424 0 667 85 177 126 504 156 563 875 596 823 987 675 600 223 283 560 254 723 699 492 336 615 756 69 962 105 13 753 189 475 121 186 322 248 554 743 954 737 450 489 990 531 690 689 181 262 870 996 762 429 335 806 210 42 642 225 300 314 957 786 571 485 768 
684 631 169 754 573 250 617 809 740 972 977 797 194 39 367 697 798 405 396 371 651 917 471 470 798 909 817 314 798 959 308 298 474 358 424 768 667 0 177 126 504 156 563 875 596 823 987 675 600 223 283 560 254 723 699 492 336 615 756 69 962 105 13 753 189 475 121 186 322 248 554 743 954 737 450 489 990 531 690 689 181 262 870 996 762 429 335 806 210 42 642 225 300 314 957 786 571 485 71 85 
631 169 754 573 250 617 809 740 972 977 797 194 39 367 697 798 405 396 371 651 917 471 470 798 909 817 314 798 959 308 298 474 358 424 768 667 85 177 0 504 156 563 875 596 823 987 675 600 223 283 560 254 723 699 492 336 615 756 69 962 105 13 753 189 475 121 186 322 248 554 743 954 737 450 489 990 531 690 689 181 262 870 996 762 429 335 806 210 42 642 225 300 314 957 786 571 485 71 684 126 
169 754 573 250 617 809 740 972 977 797 194 39 367 697 798 405 396 371 651 917 471 470 798 909 817 314 798 959 308 298 474 358 424 768 667 85 177 126 504 0 563 875 596 823 987 675 600 223 283 560 254 723 699 492 336 615 756 69 962 105 13 753 189 475 121 186 322 248 554 743 954 737 450 489 990 531 690 689 181 262 870 996 762 429 335 806 210 42 642 225 300 314 957 786 571 485 71 684 631 156 
754 573 250 617 809 740 972 977 797 194 39 367 697 798 405 396 371 651 917 471 470 798 909 817 314 798 959 308 298 474 358 424 768 667 85 177 126 504 156 563 0 596 823 987 675 600 223 283 560 254 723 699 492 336 615 756 69 962 105 13 753 189 475 121 186 322 248 554 743 954 737 450 489 990 531 690 689 181 262 870 996 762 429 335 806 210 42 642 225 300 314 957 786 571 485 71 684 631 169 875 
573 250 617 809 740 972 977 797 194 39 367 697 798 405 396 371 651 917 471 470 798 909 817 314 798 959 308 298 474 358 424 768 667 85 177 126 504 156 563 875 596 0 987 675 600 223 283 560 254 723 699 492 336 615 756 69 962 105 13 753 189 475 121 186 322 248 554 743 954 737 450 489 990 531 690 689 181 262 870 996 762 429 335 806 210 42 642 225 300 314 957 786 571 485 71 684 631 169 754 823 
250 617 809 740 972 977 797 194 39 367 697 798 405 396 371 651 917 471 470 798 909 817 314 798 959 308 298 474 358 424 768 667 85 177 126 504 156 563 875 596 823 987 0 600 223 283 560 254 723 699 492 336 615 756 69 962 105 13 753 189 475 121 186 322 248 554 743 954 737 450 489 990 531 690 689 181 262 870 996 762 429 335 806 210 42 642 225 300 314 957 786 571 485 71 684 631 169 754 573 675 
617 809 740 972 977 797 194 39 367 697 798 405 396 371 651 917 471 470 798 909 817 314 798 959 308 298 474 358 424 768 667 85 177 126 504 156 563 875 596 823 987 675 600 0 283 560 254 723 699 492 336 615 756 69 962 105 13 753 189 475 121 186 322 248 554 743 954 737 450 489 990 531 690 689 181 262 870 996 762 429 335 806 210 42 642 225 300 314 957 786 571 485 71 684 631 169 754 573 250 223 
809 740 972 977 797 194 39 367 697 798 405 396 371 651 917 471 470 798 909 817 314 798 959 308 298 474 358 424 768 667 85 177 126 504 156 563 875 596 823 987 675 600 223 283 0 254 723 699 492 336 615 756 69 962 105 13 753 189 475 121 186 322 248 554 743 954 737 450 489 990 531 690 689 181 262 870 996 762 429 335 806 210 42 642 225 300 314 957 786 571 485 71 684 631 169 754 573 250 617 560 
740 972 977 797 194 39 367 697 798 405 396 371 651 917 471 470 798 909 817 314 798 959 308 298 474 358 424 768 667 85 177 126 504 156 563 875 596 823 987 675 600 223 283 560 254 0 699 492 336 615 756 69 962 105 13 753 189 475 121 186 322 248 554 743 954 737 450 489 990 531 690 689 181 262 870 996 762 429 335 806 210 42 642 225 300 314 957 786 571 485 71 684 631 169 754 573 250 617 809 723 
972 977 797 194 39 367 697 798 405 396 371 651 917 471 470 798 909 817 314 798 959 308 298 474 358 424 768 667 85 177 126 504 156 563 875 596 823 987 675 600 223 283 560 254 723 699 0 336 615 756 69 962 105 13 753 189 475 121 186 322 248 554 743 954 737 450 489 990 531 690 689 181 262 870 996 762 429 335 806 210 42 642 225 300 314 957 786 571 485 71 684 631 169 754 573 250 617 809 740 492 
977 797 194 39 367 697 798 405 396 371 651 917 471 470 798 909 817 314 798 959 308 298 474 358 424 768 667 85 177 126 504 156 563 875 596 823 987 675 600 223 283 560 254 723 699 492 336 0 756 69 962 105 13 753 189 475 121 186 322 248 554 743 954 737 450 489 990 531 690 689 181 262 870 996 762 429 335 806 210 42 642 225 300 314 957 786 571 485 71 684 631 169 754 573 250 617 809 740 972 615 
797 194 39 367 697 798 405 396 371 651 917 471 470 798 909 817 314 798 959 308 298 474 358 424 768 667 85 177 126 504 156 563 875 596 823 987 675 600 223 283 560 254 723 699 492 336 615 756 0 962 105 13 753 189 475 121 186 322 248 554 743 954 737 450 489 990 531 690 689 181 262 870 996 762 429 335 806 210 42 642 225 300 314 957 786 571 485 71 684 631 169 754 573 250 617 809 740 972 977 69 
194 39 367 697 798 405 396 371 651 917 471 470 798 909 817 314 798 959 308 298 474 358 424 768 667 85 177 126 504 156 563 875 596 823 987 675 600 223 283 560 254 723 699 492 336 615 756 69 962 0 13 753 189 475 121 186 322 248 554 743 954 737 450 489 990 531 690 689 181 262 870 996 762 429 335 806 210 42 642 225 300 314 957 786 571 485 71 684 631 169 754 573 250 617 809 740 972 977 797 105 
39 367 697 798 405 396 371 651 917 471 470 798 909 817 314 798 959 308 298 474 358 424 768 667 85 177 126 504 156 563 875 596 823 987 675 600 223 283 560 254 723 699 492 336 615 756 69 962 105 13 0 189 475 121 186 322 248 554 743 954 737 450 489 990 531 690 689 181 262 870 996 762 429 335 806 210 42 642 225 300 314 957 786 571 485 71 684 631 169 754 573 250 617 809 740 972 977 797 194 753 
367 697 798 405 396 371 651 917 471 470 798 909 817 314 798 959 308 298 474 358 424 768 667 85 177 126 504 156 563 875 596 823 987 675 600 223 283 560 254 723 699 492 336 615 756 69 962 105 13 753 189 0 121 186 322 248 554 743 954 737 450 489 990 531 690 689 181 262 870 996 762 429 335 806 210 42 642 225 300 314 957 786 571 485 71 684 631 169 754 573 250 617 809 740 972 977 797 194 39 475 
697 798 405 396 371 651 917 471 470 798 909 817 314 798 959 308 298 474 358 424 768 667 85 177 126 504 156 563 875 596 823 987 675 600 223 283 560 254 723 699 492 336 615 756 69 962 105 13 753 189 475 121 0 322 248 554 743 954 737 450 489 990 531 690 689 181 262 870 996 762 429 335 806 210 42 642 225 300 314 957 786 571 485 71 684 631 169 754 573 250 617 809 740 972 977 797 194 39 367 186 
798 405 396 371 651 917 471 470 798 909 817 314 798 959 308 298 474 358 424 768 667 85 177 126 504 156 563 875 596 823 987 675 600 223 283 560 254 723 699 492 336 615 756 69 962 105 13 753 189 475 121 186 322 0 554 743 954 737 450 489 990 531 690 689 181 262 870 996 762 429 335 806 210 42 642 225 300 314 957 786 571 485 71 684 631 169 754 573 250 617 809 740 972 977 797 194 39 367 697 248 
405 396 371 651 917 471 470 798 909 817 314 798 959 308 298 474 358 424 768 667 85 177 126 504 156 563 875 596 823 987 675 600 223 283 560 254 723 699 492 336 615 756 69 962 105 13 753 189 475 121 186 322 248 554 0 954 737 450 489 990 531 690 689 181 262 870 996 762 429 335 806 210 42 642 225 300 314 957 786 571 485 71 684 631 169 754 573 250 617 809 740 972 977 797 194 39 367 697 798 743 
396 371 651 917 471 470 798 909 817 314 798 959 308 298 474 358 424 768 667 85 177 126 504 156 563 875 596 823 987 675 600 223 283 560 254 723 699 492 336 615 756 69 962 105 13 753 189 475 121 186 322 248 554 743 954 0 450 489 990 531 690 689 181 262 870 996 762 429 335 806 210 42 642 225 300 314 957 786 571 485 71 684 631 169 754 573 250 617 809 740 972 977 797 194 39 367 697 798 405 737 
371 651 917 471 470 798 909 817 314 798 959 308 298 474 358 424 768 667 85 177 126 504 156 563 875 596 823 987 675 600 223 283 560 254 723 699 492 336 615 756 69 962 105 13 753 189 475 121 186 322 248 554 743 954 737 450 0 990 531 690 689 181 262 870 996 762 429 335 806 210 42 642 225 300 314 957 786 571 485 71 684 631 169 754 573 250 617 809 740 972 977 797 194 39 367 697 798 405 396 489 
651 917 471 470 798 909 817 314 798 959 308 298 474 358 424 768 667 85 177 126 504 156 563 875 596 823 987 675 600 223 283 560 254 723 699 492 336 615 756 69 962 105 13 753 189 475 121 186 322 248 554 743 954 737 450 489 990 0 690 689 181 262 870 996 762 429 335 806 210 42 642 225 300 314 957 786 571 485 71 684 631 169 754 573 250 617 809 740 972 977 797 194 39 367 697 798 405 396 371 531 
917 471 470 798 909 817 314 798 959 308 298 474 358 424 768 667 85 177 126 504 156 563 875 596 823 987 675 600 223 283 560 254 723 699 492 336 615 756 69 962 105 13 753 189 475 121 186 322 248 554 743 954 737 450 489 990 531 690 0 181 262 870 996 762 429 335 806 210 42 642 225 300 314 957 786 571 485 71 684 631 169 754 573 250 617 809 740 972 977 797 194 39 367 697 798 405 396 371 651 689 
471 470 798 909 817 314 798 959 308 298 474 358 424 768 667 85 177 126 504 156 563 875 596 823 987 675 600 223 283 560 254 723 699 492 336 615 756 69 962 105 13 753 189 475 121 186 322 248 554 743 954 737 450 489 990 531 690 689 181 0 870 996 762 429 335 806 210 42 642 225 300 314 957 786 571 485 71 684 631 169 754 573 250 617 809 740 972 977 797 194 39 367 697 798 405 396 371 651 917 262 
470 798 909 817 314 798 959 308 298 474 358 424 768 667 85 177 126 504 156 563 875 596 823 987 675 600 223 283 560 254 723 699 492 336 615 756 69 962 105 13 753 189 475 121 186 322 248 554 743 954 737 450 489 990 531 690 689 181 262 870 0 762 429 335 806 210 42 642 225 300 314 957 786 571 485 71 684 631 169 754 573 250 617 809 740 972 977 797 194 39 367 697 798 405 396 371 651 917 471 996 
798 909 817 314 798 959 308 298 474 358 424 768 667 85 177 126 504 156 563 875 596 823 987 675 600 223 283 560 254 723 699 492 336 615 756 69 962 105 13 753 189 475 121 186 322 248 554 743 954 737 450 489 990 531 690 689 181 262 870 996 762 0 335 806 210 42 642 225 300 314 957 786 571 485 71 684 631 169 754 573 250 617 809 740 972 977 797 194 39 367 697 798 405 396 371 651 917 471 470 429 
909 817 314 798 959 308 298 474 358 424 768 667 85 177 126 504 156 563 875 596 823 987 675 600 223 283 560 254 723 699 492 336 615 756 69 962 105 13 753 189 475 121 186 322 248 554 743 954 737 450 489 990 531 690 689 181 262 870 996 762 429 335 0 210 42 642 225 300 314 957 786 571 485 71 684 631 169 754 573 250 617 809 740 972 977 797 194 39 367 697 798 405 396 371 651 917 471 470 798 806 
817 314 798 959 308 298 474 358 424 768 667 85 177 126 504 156 563 875 596 823 987 675 600 223 283 560 254 723 699 492 336 615 756 69 962 105 13 753 189 475 121 186 322 248 554 743 954 737 450 489 990 531 690 689 181 262 870 996 762 429 335 806 210 0 642 225 300 314 957 786 571 485 71 684 631 169 754 573 250 617 809 740 972 977 797 194 39 367 697 798 405 396 371 651 917 471 470 798 909 42 
314 798 959 308 298 474 358 424 768 667 85 177 126 504 156 563 875 596 823 987 675 600 223 283 560 254 723 699 492 336 615 756 69 962 105 13 753 189 475 121 186 322 248 554 743 954 737 450 489 990 531 690 689 181 262 870 996 762 429 335 806 210 42 642 0 300 314 957 786 571 485 71 684 631 169 754 573 250 617 809 740 972 977 797 194 39 367 697 798 405 396 371 651 917 471 470 798 909 817 225 
798 959 308 298 474 358 424 768 667 85 177 126 504 156 563 875 596 823 987 675 600 223 283 560 254 723 699 492 336 615 756 69 962 105 13 753 189 475 121 186 322 248 554 743 954 737 450 489 990 531 690 689 181 262 870 996 762 429 335 806 210 42 642 225 300 0 957 786 571 485 71 684 631 169 754 573 250 617 809 740 972 977 797 194 39 367 697 798 405 396 371 651 917 471 470 798 909 817 314 314 
959 308 298 474 358 424 768 667 85 177 126 504 156 563 875 596 823 987 675 600 223 283 560 254 723 699 492 336 615 756 69 962 105 13 753 189 475 121 186 322 248 554 743 954 737 450 489 990 531 690 689 181 262 870 996 762 429 335 806 210 42 642 225 300 314 957 0 571 485 71 684 631 169 754 573 250 617 809 740 972 977 797 194 39 367 697 798 405 396 371 651 917 471 470 798 909 817 314 798 786 
308 298 474 358 424 768 667 85 177 126 504 156 563 875 596 823 987 675 600 223 283 560 254 723 699 492 336 615 756 69 962 105 13 753 189 475 121 186 322 248 554 743 954 737 450 489 990 531 690 689 181 262 870 996 762 429 335 806 210 42 642 225 300 314 957 786 571 0 71 684 631 169 754 573 250 617 809 740 972 977 797 194 39 367 697 798 405 396 371 651 917 471 470 798 909 817 314 798 959 485 
298 474 358 424 768 667 85 177 126 504 156 563 875 596 823 987 675 600 223 283 560 254 723 699 492 336 615 756 69 962 105 13 753 189 475 121 186 322 248 554 743 954 737 450 489 990 531 690 689 181 262 870 996 762 429 335 806 210 42 642 225 300 314 957 786 571 485 71 0 631 169 754 573 250 617 809 740 972 977 797 194 39 367 697 798 405 396 371 651 917 471 470 798 909 817 314 798 959 308 684 
474 358 424 768 667 85 177 126 504 156 563 875 596 823 987 675 600 223 283 560 254 723 699 492 336 615 756 69 962 105 13 753 189 475 121 186 322 248 554 743 954 737 450 489 990 531 690 689 181 262 870 996 762 429 335 806 210 42 642 225 300 314 957 786 571 485 71 684 631 0 754 573 250 617 809 740 972 977 797 194 39 367 697 798 405 396 371 651 917 471 470 798 909 817 314 798 959 308 298 169 
358 424 768 667 85 177 126 504 156 563 875 596 823 987 675 600 223 283 560 254 723 699 492 336 615 756 69 962 105 13 753 189 475 121 186 322 248 554 743 954 737 450 489 990 531 690 689 181 262 870 996 762 429 335 806 210 42 642 225 300 314 957 786 571 485 71 684 631 169 754 0 250 617 809 740 972 977 797 194 39 367 697 798 405 396 371 651 917 471 470 798 909 817 314 798 959 308 298 474 573 
424 768 667 85 177 126 504 156 563 875 596 823 987 675 600 223 283 560 254 723 699 492 336 615 756 69 962 105 13 753 189 475 121 186 322 248 554 743 954 737 450 489 990 531 690 689 181 262 870 996 762 429 335 806 210 42 642 225 300 314 957 786 571 485 71 684 631 169 754 573 250 0 809 740 972 977 797 194 39 367 697 798 405 396 371 651 917 471 470 798 909 817 314 798 959 308 298 474 358 617 
768 667 85 177 126 504 156 563 875 596 823 987 675 600 223 283 560 254 723 699 492 336 615 756 69 962 105 13 753 189 475 121 186 322 248 554 743 954 737 450 489 990 531 690 689 181 262 870 996 762 429 335 806 210 42 642 225 300 314 957 786 571 485 71 684 631 169 754 573 250 617 809 0 972 977 797 194 39 367 697 798 405 396 371 651 917 471 470 798 909 817 314 798 959 308 298 474 358 424 740 
667 85 177 126 504 156 563 875 596 823 987 675 600 223 283 560 254 723 699 492 336 615 756 69 962 105 13 753 189 475 121 186 322 248 554 743 954 737 450 489 990 531 690 689 181 262 870 996 762 429 335 806 210 42 642 225 300 314 957 786 571 485 71 684 631 169 754 573 250 617 809 740 972 0 797 194 39 367 697 798 405 396 371 651 917 471 470 798 909 817 314 798 959 308 298 474 358 424 768 977 
85 177 126 504 156 563 875 596 823 987 675 600 223 283 560 254 723 699 492 336 615 756 69 962 105 13 753 189 475 121 186 322 248 554 743 954 737 450 489 990 531 690 689 181 262 870 996 762 429 335 806 210 42 642 225 300 314 957 786 571 485 71 684 631 169 754 573 250 617 809 740 972 977 797 0 39 367 697 798 405 396 371 651 917 471 470 798 909 817 314 798 959 308 298 474 358 424 768 667 194 
177 126 504 156 563 875 596 823 987 675 600 223 283 560 254 723 699 492 336 615 756 69 962 105 13 753 189 475 121 186 322 248 554 743 954 737 450 489 990 531 690 689 181 262 870 996 762 429 335 806 210 42 642 225 300 314 957 786 571 485 71 684 631 169 754 573 250 617 809 740 972 977 797 194 39 0 697 798 405 396 371 651 917 471 470 798 909 817 314 798 959 308 298 474 358 424 768 667 85 367 
126 504 156 563 875 596 823 987 675 600 223 283 560 254 723 699 492 336 615 756 69 962 105 13 753 189 475 121 186 322 248 554 743 954 737 450 489 990 531 690 689 181 262 870 996 762 429 335 806 210 42 642 225 300 314 957 786 571 485 71 684 631 169 754 573 250 617 809 740 972 977 797 194 39 367 697 0 405 396 371 651 917 471 470 798 909 817 314 798 959 308 298 474 358 424 768 667 85 177 798 
504 156 563 875 596 823 987 675 600 223 283 560 254 723 699 492 336 615 756 69 962 105 13 753 189 475 121 186 322 248 554 743 954 737 450 489 990 531 690 689 181 262 870 996 762 429 335 806 210 42 642 225 300 314 957 786 571 485 71 684 631 169 754 573 250 617 809 740 972 977 797 194 39 367 697 798 405 0 371 651 917 471 470 798 909 817 314 798 959 308 298 474 358 424 768 667 85 177 126 396 
156 563 875 596 823 987 675 600 223 283 560 254 723 699 492 336 615 756 69 962 105 13 753 189 475 121 186 322 248 554 743 954 737 450 489 990 531 690 689 181 262 870 996 762 429 335 806 210 42 642 225 300 314 957 786 571 485 71 684 631 169 754 573 250 617 809 740 972 977 797 194 39 367 697 798 405 396 371 0 917 471 470 798 909 817 314 798 959 308 298 474 358 424 768 667 85 177 126 504 651 
563 875 596 823 987 675 600 223 283 560 254 723 699 492 336 615 756 69 962 105 13 753 189 475 121 186 322 248 554 743 954 737 450 489 990 531 690 689 181 262 870 996 762 429 335 806 210 42 642 225 300 314 957 786 571 485 71 684 631 169 754 573 250 617 809 740 972 977 797 194 39 367 697 798 405 396 371 651 917 0 470 798 909 817 314 798 959 308 298 474 358 424 768 667 85 177 126 504 156 471 
875 596 823 987 675 600 223 283 560 254 723 699 492 336 615 756 69 962 105 13 753 189 475 121 186 322 248 554 743 954 737 450 489 990 531 690 689 181 262 870 996 762 429 335 806 210 42 642 225 300 314 957 786 571 485 71 684 631 169 754 573 250 617 809 740 972 977 797 194 39 367 697 798 405 396 371 651 917 471 470 0 909 817 314 798 959 308 298 474 358 424 768 667 85 177 126 504 156 563 798 
596 823 987 675 600 223 283 560 254 723 699 492 336 615 756 69 962 105 13 753 189 475 121 186 322 248 554 743 954 737 450 489 990 531 690 689 181 262 870 996 762 429 335 806 210 42 642 225 300 314 957 786 571 485 71 684 631 169 754 573 250 617 809 740 972 977 797 194 39 367 697 798 405 396 371 651 917 471 470 798 909 0 314 798 959 308 298 474 358 424 768 667 85 177 126 504 156 563 875 817 
823 987 675 600 223 283 560 254 723 699 492 336 615 756 69 962 105 13 753 189 475 121 186 322 248 554 743 954 737 450 489 990 531 690 689 181 262 870 996 762 429 335 806 210 42 642 225 300 314 957 786 571 485 71 684 631 169 754 573 250 617 809 740 972 977 797 194 39 367 697 798 405 396 371 651 917 471 470 798 909 817 314 0 959 308 298 474 358 424 768 667 85 177 126 504 156 563 875 596 798 
987 675 600 223 283 560 254 723 699 492 336 615 756 69 962 105 13 753 189 475 121 186 322 248 554 743 954 737 450 489 990 531 690 689 181 262 870 996 762 429 335 806 210 42 642 225 300 314 957 786 571 485 71 684 631 169 754 573 250 617 809 740 972 977 797 194 39 367 697 798 405 396 371 651 917 471 470 798 909 817 314 798 959 0 298 474 358 424 768 667 85 177 126 504 156 563 875 596 823 308 
675 600 223 283 560 254 723 699 492 336 615 756 69 962 105 13 753 189 475 121 186 322 248 554 743 954 737 450 489 990 531 690 689 181 262 870 996 762 429 335 806 210 42 642 225 300 314 957 786 571 485 71 684 631 169 754 573 250 617 809 740 972 977 797 194 39 367 697 798 405 396 371 651 917 471 470 798 909 817 314 798 959 308 298 0 358 424 768 667 85 177 126 504 156 563 875 596 823 987 474 
600 223 283 560 254 723 699 492 336 615 756 69 962 105 13 753 189 475 121 186 322 248 554 743 954 737 450 489 990 531 690 689 181 262 870 996 762 429 335 806 210 42 642 225 300 314 957 786 571 485 71 684 631 169 754 573 250 617 809 740 972 977 797 194 39 367 697 798 405 396 371 651 917 471 470 798 909 817 314 798 959 308 298 474 358 0 768 667 85 177 126 504 156 563 875 596 823 987 675 424 
223 283 560 254 723 699 492 336 615 756 69 962 105 13 753 189 475 121 186 322 248 554 743 954 737 450 489 990 531 690 689 181 262 870 996 762 429 335 806 210 42 642 225 300 314 957 786 571 485 71 684 631 169 754 573 250 617 809 740 972 977 797 194 39 367 697 798 405 396 371 651 917 471 470 798 909 817 314 798 959 308 298 474 358 424 768 0 85 177 126 504 156 563 875 596 823 987 675 600 667 
283 560 254 723 699 492 336 615 756 69 962 105 13 753 189 475 121 186 322 248 554 743 954 737 450 489 990 531 690 689 181 262 870 996 762 429 335 806 210 42 642 225 300 314 957 786 571 485 71 684 631 169 754 573 250 617 809 740 972 977 797 194 39 367 697 798 405 396 371 651 917 471 470 798 909 817 314 798 959 308 298 474 358 424 768 667 85 0 126 504 156 563 875 596 823 987 675 600 223 177 
560 254 723 699 492 336 615 756 69 962 105 13 753 189 475 121 186 322 248 554 743 954 737 450 489 990 531 690 689 181 262 870 996 762 429 335 806 210 42 642 225 300 314 957 786 571 485 71 684 631 169 754 573 250 617 809 740 972 977 797 194 39 367 697 798 405 396 371 651 917 471 470 798 909 817 314 798 959 308 298 474 358 424 768 667 85 177 126 0 156 563 875 596 823 987 675 600 223 283 504 
254 723 699 492 336 615 756 69 962 105 13 753 189 475 121 186 322 248 554 743 954 737 450 489 990 531 690 689 181 262 870 996 762 429 335 806 210 42 642 225 300 314 957 786 571 485 71 684 631 169 754 573 250 617 809 740 972 977 797 194 39 367 697 798 405 396 371 651 917 471 470 798 909 817 314 798 959 308 298 474 358 424 768 667 85 177 126 504 156 0 875 596 823 987 675 600 223 283 560 563 
723 699 492 336 615 756 69 962 105 13 753 189 475 121 186 322 248 554 743 954 737 450 489 990 531 690 689 181 262 870 996 762 429 335 806 210 42 642 225 300 314 957 786 571 485 71 684 631 169 754 573 250 617 809 740 972 977 797 194 39 367 697 798 405 396 371 651 917 471 470 798 909 817 314 798 959 308 298 474 358 424 768 667 85 177 126 504 156 563 875 0 823 987 675 600 223 283 560 254 596 
699 492 336 615 756 69 962 105 13 753 189 475 121 186 322 248 554 743 954 737 450 489 990 531 690 689 181 262 870 996 762 429 335 806 210 42 642 225 300 314 957 786 571 485 71 684 631 169 754 573 250 617 809 740 972 977 797 194 39 367 697 798 405 396 371 651 917 471 470 798 909 817 314 798 959 308 298 474 358 424 768 667 85 177 126 504 156 563 875 596 823 0 675 600 223 283 560 254 723 987 
492 336 615 756 69 962 105 13 753 189 475 121 186 322 248 554 743 954 737 450 489 990 531 690 689 181 262 870 996 762 429 335 806 210 42 642 225 300 314 957 786 571 485 71 684 631 169 754 573 250 617 809 740 972 977 797 194 39 367 697 798 405 396 371 651 917 471 470 798 909 817 314 798 959 308 298 474 358 424 768 667 85 177 126 504 156 563 875 596 823 987 675 0 223 283 560 254 723 699 600 
336 615 756 69 962 105 13 753 189 475 121 186 322 248 554 743 954 737 450 489 990 531 690 689 181 262 870 996 762 429 335 806 210 42 642 225 300 314 957 786 571 485 71 684 631 169 754 573 250 617 809 740 972 977 797 194 39 367 697 798 405 396 371 651 917 471 470 798 909 817 314 798 959 308 298 474 358 424 768 667 85 177 126 504 156 563 875 596 823 987 675 600 223 0 560 254 723 699 492 283 
615 756 69 962 105 13 753 189 475 121 186 322 248 554 743 954 737 450 489 990 531 690 689 181 262 870 996 762 429 335 806 210 42 642 225 300 314 957 786 571 485 71 684 631 169 754 573 250 617 809 740 972 977 797 194 39 367 697 798 405 396 371 651 917 471 470 798 909 817 314 798 959 308 298 474 358 424 768 667 85 177 126 504 156 563 875 596 823 987 675 600 223 283 560 0 723 699 492 336 254 
756 69 962 105 13 753 189 475 121 186 322 248 554 743 954 737 450 489 990 531 690 689 181 262 870 996 762 429 335 806 210 42 642 225 300 314 957 786 571 485 71 684 631 169 754 573 250 617 809 740 972 977 797 194 39 367 697 798 405 396 371 651 917 471 470 798 909 817 314 798 959 308 298 474 358 424 768 667 85 177 126 504 156 563 875 596 823 987 675 600 223 283 560 254 723 0 492 336 615 699 
69 962 105 13 753 189 475 121 186 322 248 554 743 954 737 450 489 990 531 690 689 181 262 870 996 762 429 335 806 210 42 642 225 300 314 957 786 571 485 71 684 631 169 754 573 250 617 809 740 972 977 797 194 39 367 697 798 405 396 371 651 917 471 470 798 909 817 314 798 959 308 298 474 358 424 768 667 85 177 126 504 156 563 875 596 823 987 675 600 223 283 560 254 723 699 492 0 615 756 336 
962 105 13 753 189 475 121 186 322 248 554 743 954 737 450 489 990 531 690 689 181 262 870 996 762 429 335 806 210 42 642 225 300 314 957 786 571 485 71 684 631 169 754 573 250 617 809 740 972 977 797 194 39 367 697 798 405 396 371 651 917 471 470 798 909 817 314 798 959 308 298 474 358 424 768 667 85 177 126 504 156 563 875 596 823 987 675 600 223 283 560 254 723 699 492 336 615 0 69 756 
105 13 753 189 475 121 186 322 248 554 743 954 737 450 489 990 531 690 689 181 262 870 996 762 429 335 806 210 42 642 225 300 314 957 786 571 485 71 684 631 169 754 573 250 617 809 740 972 977 797 194 39 367 697 798 405 396 371 651 917 471 470 798 909 817 314 798 959 308 298 474 358 424 768 667 85 177 126 504 156 563 875 596 823 987 675 600 223 283 560 254 723 699 492 336 615 756 69 0 962 
13 189 121 322 554 954 450 990 690 181 870 762 335 210 642 300 957 571 71 631 754 250 809 972 797 39 697 405 371 917 470 909 314 959 298 358 768 85 126 156 875 823 675 223 560 723 492 615 69 105 753 475 186 248 743 737 489 531 689 262 996 429 806 42 225 314 786 485 684 169 573 617 740 977 194 367 798 396 651 471 798 817 798 308 474 424 667 177 504 563 596 987 600 283 254 699 336 756 962 0 
