0 294 144 298 300 828 279 149 151 783 913 994 213 781 372 810 760 154 819 459 517 486 741 7 163 652 939 973 987 566 805 533 68 148 448 422 822 255 265 348 886 30 54 366 689 259 345 268 398 231 306 268 12 598 721 776 78 148 681 340 466 647 853 394 403 663 968 681 259 72 882 161 577 90 955 111 84 287 725 627 334 805 105 404 562 270 235 992 100 739 369 492 25 651 146 473 954 910 491 74 
294 0 298 300 828 279 149 151 783 913 994 213 781 372 810 760 154 819 459 517 486 741 7 163 652 939 973 987 566 805 533 68 148 448 422 822 255 265 348 886 30 54 366 689 259 345 268 398 231 306 268 12 598 721 776 78 148 681 340 466 647 853 394 403 663 968 681 259 72 882 161 577 90 955 111 84 287 725 627 334 805 105 404 562 270 235 992 100 739 369 492 25 651 146 473 954 910 491 74 144 
144 298 0 828 279 149 151 783 913 994 213 781 372 810 760 154 819 459 517 486 741 7 163 652 939 973 987 566 805 533 68 148 448 422 822 255 265 348 886 30 54 366 689 259 345 268 398 231 306 268 12 598 721 776 78 148 681 340 466 647 853 394 403 663 968 681 259 72 882 161 577 90 955 111 84 287 725 627 334 805 105 404 562 270 235 992 100 739 369 492 25 651 146 473 954 910 491 74 294 300 
298 300 828 0 149 151 783 913 994 213 781 372 810 760 154 819 459 517 486 741 7 163 652 939 973 987 566 805 533 68 148 448 422 822 255 265 348 886 30 54 366 689 259 345 268 398 231 306 268 12 598 721 776 78 148 681 340 466 647 853 394 403 663 968 681 259 72 882 161 577 90 955 111 84 287 725 627 334 805 105 404 562 270 235 992 100 739 369 492 25 651 146 473 954 910 491 74 294 144 279 
300 828 279 149 0 783 913 994 213 781 372 810 760 154 819 459 517 486 741 7 163 652 939 973 987 566 805 533 68 148 448 422 822 255 265 348 886 30 54 366 689 259 345 268 398 231 306 268 12 598 721 776 78 148 681 340 466 647 853 394 403 663 968 681 259 72 882 161 577 90 955 111 84 287 725 627 334 805 105 404 562 270 235 992 100 739 369 492 25 651 146 473 954 910 491 74 294 144 298 151 
828 279 149 151 783 0 994 213 781 372 810 760 154 819 459 517 486 741 7 163 652 939 973 987 566 805 533 68 148 448 422 822 255 265 348 886 30 54 366 689 259 345 268 398 231 306 268 12 598 721 776 78 148 681 340 466 647 853 394 403 663 968 681 259 72 882 161 577 90 955 111 84 287 725 627 334 805 105 404 562 270 235 992 100 739 369 492 25 651 146 473 954 910 491 74 294 144 298 300 913 
279 149 151 783 913 994 0 781 372 810 760 154 819 459 517 486 741 7 163 652 939 973 987 566 805 533 68 148 448 422 822 255 265 348 886 30 54 366 689 259 345 268 398 231 306 268 12 598 721 776 78 148 681 340 466 647 853 394 403 663 968 681 259 72 882 161 577 90 955 111 84 287 725 627 334 805 105 404 562 270 235 992 100 739 369 492 25 651 146 473 954 910 491 74 294 144 298 300 828 213 
149 151 783 913 994 213 781 0 810 760 154 819 459 517 486 741 7 163 652 939 973 987 566 805 533 68 148 448 422 822 255 265 348 886 30 54 366 689 259 345 268 398 231 306 268 12 598 721 776 78 148 681 340 466 647 853 394 403 663 968 681 259 72 882 161 577 90 955 111 84 287 725 627 334 805 105 404 562 270 235 992 100 739 369 492 25 651 146 473 954 910 491 74 294 144 298 300 828 279 372 
151 783 913 994 213 781 372 810 0 154 819 459 517 486 741 7 163 652 939 973 987 566 805 533 68 148 448 422 822 255 265 348 886 30 54 366 689 259 345 268 398 231 306 268 12 598 721 776 78 148 681 340 466 647 853 394 403 663 968 681 259 72 882 161 577 90 955 111 84 287 725 627 334 805 105 404 562 270 235 992 100 739 369 492 25 651 146 473 954 910 491 74 294 144 298 300 828 279 149 760 
783 913 994 213 781 372 810 760 154 0 459 517 486 741 7 163 652 939 973 987 566 805 533 68 148 448 422 822 255 265 348 886 30 54 366 689 259 345 268 398 231 306 268 12 598 721 776 78 148 681 340 466 647 853 394 403 663 968 681 259 72 882 161 577 90 955 111 84 287 725 627 334 805 105 404 562 270 235 992 100 739 369 492 25 651 146 473 954 910 491 74 294 144 298 300 828 279 149 151 819 
913 994 213 781 372 810 760 154 819 459 0 486 741 7 163 652 939 973 987 566 805 533 68 148 448 422 822 255 265 348 886 30 54 366 689 259 345 268 398 231 306 268 12 598 721 776 78 148 681 340 466 647 853 394 403 663 968 681 259 72 882 161 577 90 955 111 84 287 725 627 334 805 105 404 562 270 235 992 100 739 369 492 25 651 146 473 954 910 491 74 294 144 298 300 828 279 149 151 783 517 
994 213 781 372 810 760 154 819 459 517 486 0 7 163 652 939 973 987 566 805 533 68 148 448 422 822 255 265 348 886 30 54 366 689 259 345 268 398 231 306 268 12 598 721 776 78 148 681 340 466 647 853 394 403 663 968 681 259 72 882 161 577 90 955 111 84 287 725 627 334 805 105 404 562 270 235 992 100 739 369 492 25 651 146 473 954 910 491 74 294 144 298 300 828 279 149 151 783 913 741 
213 781 372 810 760 154 819 459 517 486 741 7 0 652 939 973 987 566 805 533 68 148 448 422 822 255 265 348 886 30 54 366 689 259 345 268 398 231 306 268 12 598 721 776 78 148 681 340 466 647 853 394 403 663 968 681 259 72 882 161 577 90 955 111 84 287 725 627 334 805 105 404 562 270 235 992 100 739 369 492 25 651 146 473 954 910 491 74 294 144 298 300 828 279 149 151 783 913 994 163 
781 372 810 760 154 819 459 517 486 741 7 163 652 0 973 987 566 805 533 68 148 448 422 822 255 265 348 886 30 54 366 689 259 345 268 398 231 306 268 12 598 721 776 78 148 681 340 466 647 853 394 403 663 968 681 259 72 882 161 577 90 955 111 84 287 725 627 334 805 105 404 562 270 235 992 100 739 369 492 25 651 146 473 954 910 491 74 294 144 298 300 828 279 149 151 783 913 994 213 939 
372 810 760 154 819 459 517 486 741 7 163 652 939 973 0 566 805 533 68 148 448 422 822 255 265 348 886 30 54 366 689 259 345 268 398 231 306 268 12 598 721 776 78 148 681 340 466 647 853 394 403 663 968 681 259 72 882 161 577 90 955 111 84 287 725 627 334 805 105 404 562 270 235 992 100 739 369 492 25 651 146 473 954 910 491 74 294 144 298 300 828 279 149 151 783 913 994 213 781 987 
810 760 154 819 459 517 486 741 7 163 652 939 973 987 566 0 533 68 148 448 422 822 255 265 348 886 30 54 366 689 259 345 268 398 231 306 268 12 598 721 776 78 148 681 340 466 647 853 394 403 663 968 681 259 72 882 161 577 90 955 111 84 287 725 627 334 805 105 404 562 270 235 992 100 739 369 492 25 651 146 473 954 910 491 74 294 144 298 300 828 279 149 151 783 913 994 213 781 372 805 
760 154 819 459 517 486 741 7 163 652 939 973 987 566 805 533 0 148 448 422 822 255 265 348 886 30 54 366 689 259 345 268 398 231 306 268 12 598 721 776 78 148 681 340 466 647 853 394 403 663 968 681 259 72 882 161 577 90 955 111 84 287 725 627 334 805 105 404 562 270 235 992 100 739 369 492 25 651 146 473 954 910 491 74 294 144 298 300 828 279 149 151 783 913 994 213 781 372 810 68 
154 819 459 517 486 741 7 163 652 939 973 987 566 805 533 68 148 0 422 822 255 265 348 886 30 54 366 689 259 345 268 398 231 306 268 12 598 721 776 78 148 681 340 466 647 853 394 403 663 968 681 259 72 882 161 577 90 955 111 84 287 725 627 334 805 105 404 562 270 235 992 100 739 369 492 25 651 146 473 954 910 491 74 294 144 298 300 828 279 149 151 783 913 994 213 781 372 810 760 448 
819 459 517 486 741 7 163 652 939 973 987 566 805 533 68 148 448 422 0 255 265 348 886 30 54 366 689 259 345 268 398 231 306 268 12 598 721 776 78 148 681 340 466 647 853 394 403 663 968 681 259 72 882 161 577 90 955 111 84 287 725 627 334 805 105 404 562 270 235 992 100 739 369 492 25 651 146 473 954 910 491 74 294 144 298 300 828 279 149 151 783 913 994 213 781 372 810 760 154 822 
459 517 486 741 7 163 652 939 973 987 566 805 533 68 148 448 422 822 255 0 348 886 30 54 366 689 259 345 268 398 231 306 268 12 598 721 776 78 148 681 340 466 647 853 394 403 663 968 681 259 72 882 161 577 90 955 111 84 287 725 627 334 805 105 404 562 270 235 992 100 739 369 492 25 651 146 473 954 910 491 74 294 144 298 300 828 279 149 151 783 913 994 213 781 372 810 760 154 819 265 
517 486 741 7 163 652 939 973 987 566 805 533 68 148 448 422 822 255 265 348 0 30 54 366 689 259 345 268 398 231 306 268 12 598 721 776 78 148 681 340 466 647 853 394 403 663 968 681 259 72 882 161 577 90 955 111 84 287 725 627 334 805 105 404 562 270 235 992 100 739 369 492 25 651 146 473 954 910 491 74 294 144 298 300 828 279 149 151 783 913 994 213 781 372 810 760 154 819 459 886 
486 741 7 163 652 939 973 987 566 805 533 68 148 448 422 822 255 265 348 886 30 0 366 689 259 345 268 398 231 306 268 12 598 721 776 78 148 681 340 466 647 853 394 403 663 968 681 259 72 882 161 577 90 955 111 84 287 725 627 334 805 105 404 562 270 235 992 100 739 369 492 25 651 146 473 954 910 491 74 294 144 298 300 828 279 149 151 783 913 994 213 781 372 810 760 154 819 459 517 54 
741 7 163 652 939 973 987 566 805 533 68 148 448 422 822 255 265 348 886 30 54 366 0 259 345 268 398 231 306 268 12 598 721 776 78 148 681 340 466 647 853 394 403 663 968 681 259 72 882 161 577 90 955 111 84 287 725 627 334 805 105 404 562 270 235 992 100 739 369 492 25 651 146 473 954 910 491 74 294 144 298 300 828 279 149 151 783 913 994 213 781 372 810 760 154 819 459 517 486 689 
7 163 652 939 973 987 566 805 533 68 148 448 422 822 255 265 348 886 30 54 366 689 259 0 268 398 231 306 268 12 598 721 776 78 148 681 340 466 647 853 394 403 663 968 681 259 72 882 161 577 90 955 111 84 287 725 627 334 805 105 404 562 270 235 992 100 739 369 492 25 651 146 473 954 910 491 74 294 144 298 300 828 279 149 151 783 913 994 213 781 372 810 760 154 819 459 517 486 741 345 
163 652 939 973 987 566 805 533 68 148 448 422 822 255 265 348 886 30 54 366 689 259 345 268 0 231 306 268 12 598 721 776 78 148 681 340 466 647 853 394 403 663 968 681 259 72 882 161 577 90 955 111 84 287 725 627 334 805 105 404 562 270 235 992 100 739 369 492 25 651 146 473 954 910 491 74 294 144 298 300 828 279 149 151 783 913 994 213 781 372 810 760 154 819 459 517 486 741 7 398 
652 939 973 987 566 805 533 68 148 448 422 822 255 265 348 886 30 54 366 689 259 345 268 398 231 0 268 12 598 721 776 78 148 681 340 466 647 853 394 403 663 968 681 259 72 882 161 577 90 955 111 84 287 725 627 334 805 105 404 562 270 235 992 100 739 369 492 25 651 146 473 954 910 491 74 294 144 298 300 828 279 149 151 783 913 994 213 781 372 810 760 154 819 459 517 486 741 7 163 306 
939 973 987 566 805 533 68 148 448 422 822 255 265 348 886 30 54 366 689 259 345 268 398 231 306 268 0 598 721 776 78 148 681 340 466 647 853 394 403 663 968 681 259 72 882 161 577 90 955 111 84 287 725 627 334 805 105 404 562 270 235 992 100 739 369 492 25 651 146 473 954 910 491 74 294 144 298 300 828 279 149 151 783 913 994 213 781 372 810 760 154 819 459 517 486 741 7 163 652 12 
973 987 566 805 533 68 148 448 422 822 255 265 348 886 30 54 366 689 259 345 268 398 231 306 268 12 598 0 776 78 148 681 340 466 647 853 394 403 663 968 681 259 72 882 161 577 90 955 111 84 287 725 627 334 805 105 404 562 270 235 992 100 739 369 492 25 651 146 473 954 910 491 74 294 144 298 300 828 279 149 151 783 913 994 213 781 372 810 760 154 819 459 517 486 741 7 163 652 939 721 
987 566 805 533 68 148 448 422 822 255 265 348 886 30 54 366 689 259 345 268 398 231 306 268 12 598 721 776 0 148 681 340 466 647 853 394 403 663 968 681 259 72 882 161 577 90 955 111 84 287 725 627 334 805 105 404 562 270 235 992 100 739 369 492 25 651 146 473 954 910 491 74 294 144 298 300 828 279 149 151 783 913 994 213 781 372 810 760 154 819 459 517 486 741 7 163 652 939 973 78 
566 805 533 68 148 448 422 822 255 265 348 886 30 54 366 689 259 345 268 398 231 306 268 12 598 721 776 78 148 0 340 466 647 853 394 403 663 968 681 259 72 882 161 577 90 955 111 84 287 725 627 334 805 105 404 562 270 235 992 100 739 369 492 25 651 146 473 954 910 491 74 294 144 298 300 828 279 149 151 783 913 994 213 781 372 810 760 154 819 459 517 486 741 7 163 652 939 973 987 681 
805 533 68 148 448 422 822 255 265 348 886 30 54 366 689 259 345 268 398 231 306 268 12 598 721 776 78 148 681 340 0 647 853 394 403 663 968 681 259 72 882 161 577 90 955 111 84 287 725 627 334 805 105 404 562 270 235 992 100 739 369 492 25 651 146 473 954 910 491 74 294 144 298 300 828 279 149 151 783 913 994 213 781 372 810 760 154 819 459 517 486 741 7 163 652 939 973 987 566 466 
533 68 148 448 422 822 255 265 348 886 30 54 366 689 259 345 268 398 231 306 268 12 598 721 776 78 148 681 340 466 647 0 394 403 663 968 681 259 72 882 161 577 90 955 111 84 287 725 627 334 805 105 404 562 270 235 992 100 739 369 492 25 651 146 473 954 910 491 74 294 144 298 300 828 279 149 151 783 913 994 213 781 372 810 760 154 819 459 517 486 741 7 163 652 939 973 987 566 805 853 
68 148 448 422 822 255 265 348 886 30 54 366 689 259 345 268 398 231 306 268 12 598 721 776 78 148 681 340 466 647 853 394 0 663 968 681 259 72 882 161 577 90 955 111 84 287 725 627 334 805 105 404 562 270 235 992 100 739 369 492 25 651 146 473 954 910 491 74 294 144 298 300 828 279 149 151 783 913 994 213 781 372 810 760 154 819 459 517 486 741 7 163 652 939 973 987 566 805 533 403 
148 448 422 822 255 265 348 886 30 54 366 689 259 345 268 398 231 306 268 12 598 721 776 78 148 681 340 466 647 853 394 403 663 0 681 259 72 882 161 577 90 955 111 84 287 725 627 334 805 105 404 562 270 235 992 100 739 369 492 25 651 146 473 954 910 491 74 294 144 298 300 828 279 149 151 783 913 994 213 781 372 810 760 154 819 459 517 486 741 7 163 652 939 973 987 566 805 533 68 968 
448 422 822 255 265 348 886 30 54 366 689 259 345 268 398 231 306 268 12 598 721 776 78 148 681 340 466 647 853 394 403 663 968 681 0 72 882 161 577 90 955 111 84 287 725 627 334 805 105 404 562 270 235 992 100 739 369 492 25 651 146 473 954 910 491 74 294 144 298 300 828 279 149 151 783 913 994 213 781 372 810 760 154 819 459 517 486 741 7 163 652 939 973 987 566 805 533 68 148 259 
422 822 255 265 348 886 30 54 366 689 259 345 268 398 231 306 268 12 598 721 776 78 148 681 340 466 647 853 394 403 663 968 681 259 72 0 161 577 90 955 111 84 287 725 627 334 805 105 404 562 270 235 992 100 739 369 492 25 651 146 473 954 910 491 74 294 144 298 300 828 279 149 151 783 913 994 213 781 372 810 760 154 819 459 517 486 741 7 163 652 939 973 987 566 805 533 68 148 448 882 
822 255 265 348 886 30 54 366 689 259 345 268 398 231 306 268 12 598 721 776 78 148 681 340 466 647 853 394 403 663 968 681 259 72 882 161 0 90 955 111 84 287 725 627 334 805 105 404 562 270 235 992 100 739 369 492 25 651 146 473 954 910 491 74 294 144 298 300 828 279 149 151 783 913 994 213 781 372 810 760 154 819 459 517 486 741 7 163 652 939 973 987 566 805 533 68 148 448 422 577 
255 265 348 886 30 54 366 689 259 345 268 398 231 306 268 12 598 721 776 78 148 681 340 466 647 853 394 403 663 968 681 259 72 882 161 577 90 0 111 84 287 725 627 334 805 105 404 562 270 235 992 100 739 369 492 25 651 146 473 954 910 491 74 294 144 298 300 828 279 149 151 783 913 994 213 781 372 810 760 154 819 459 517 486 741 7 163 652 939 973 987 566 805 533 68 148 448 422 822 955 
265 348 886 30 54 366 689 259 345 268 398 231 306 268 12 598 721 776 78 148 681 340 466 647 853 394 403 663 968 681 259 72 882 161 577 90 955 111 0 287 725 627 334 805 105 404 562 270 235 992 100 739 369 492 25 651 146 473 954 910 491 74 294 144 298 300 828 279 149 151 783 913 994 213 781 372 810 760 154 819 459 517 486 741 7 163 652 939 973 987 566 805 533 68 148 448 422 822 255 84 
348 886 30 54 366 689 259 345 268 398 231 306 268 12 598 721 776 78 148 681 340 466 647 853 394 403 663 968 681 259 72 882 161 577 90 955 111 84 287 0 627 334 805 105 404 562 270 235 992 100 739 369 492 25 651 146 473 954 910 491 74 294 144 298 300 828 279 149 151 783 913 994 213 781 372 810 760 154 819 459 517 486 741 7 163 652 939 973 987 566 805 533 68 148 448 422 822 255 265 725 
886 30 54 366 689 259 345 268 398 231 306 268 12 598 721 776 78 148 681 340 466 647 853 394 403 663 968 681 259 72 882 161 577 90 955 111 84 287 725 627 0 805 105 404 562 270 235 992 100 739 369 492 25 651 146 473 954 910 491 74 294 144 298 300 828 279 149 151 783 913 994 213 781 372 810 760 154 819 459 517 486 741 7 163 652 939 973 987 566 805 533 68 148 448 422 822 255 265 348 334 
30 54 366 689 259 345 268 398 231 306 268 12 598 721 776 78 148 681 340 466 647 853 394 403 663 968 681 259 72 882 161 577 90 955 111 84 287 725 627 334 805 0 404 562 270 235 992 100 739 369 492 25 651 146 473 954 910 491 74 294 144 298 300 828 279 149 151 783 913 994 213 781 372 810 760 154 819 459 517 486 741 7 163 652 939 973 987 566 805 533 68 148 448 422 822 255 265 348 886 105 
54 366 689 259 345 268 398 231 306 268 12 598 721 776 78 148 681 340 466 647 853 394 403 663 968 681 259 72 882 161 577 90 955 111 84 287 725 627 334 805 105 404 0 270 235 992 100 739 369 492 25 651 146 473 954 910 491 74 294 144 298 300 828 279 149 151 783 913 994 213 781 372 810 760 154 819 459 517 486 741 7 163 652 939 973 987 566 805 533 68 148 448 422 822 255 265 348 886 30 562 
366 689 259 345 268 398 231 306 268 12 598 721 776 78 148 681 340 466 647 853 394 403 663 968 681 259 72 882 161 577 90 955 111 84 287 725 627 334 805 105 404 562 270 0 992 100 739 369 492 25 651 146 473 954 910 491 74 294 144 298 300 828 279 149 151 783 913 994 213 781 372 810 760 154 819 459 517 486 741 7 163 652 939 973 987 566 805 533 68 148 448 422 822 255 265 348 886 30 54 235 
689 259 345 268 398 231 306 268 12 598 721 776 78 148 681 340 466 647 853 394 403 663 968 681 259 72 882 161 577 90 955 111 84 287 725 627 334 805 105 404 562 270 235 992 0 739 369 492 25 651 146 473 954 910 491 74 294 144 298 300 828 279 149 151 783 913 994 213 781 372 810 760 154 819 459 517 486 741 7 163 652 939 973 987 566 805 533 68 148 448 422 822 255 265 348 886 30 54 366 100 
259 345 268 398 231 306 268 12 598 721 776 78 148 681 340 466 647 853 394 403 663 968 681 259 72 882 161 577 90 955 111 84 287 725 627 334 805 105 404 562 270 235 992 100 739 0 492 25 651 146 473 954 910 491 74 294 144 298 300 828 279 149 151 783 913 994 213 781 372 810 760 154 819 459 517 486 741 7 163 652 939 973 987 566 805 533 68 148 448 422 822 255 265 348 886 30 54 366 689 369 
345 268 398 231 306 268 12 598 721 776 78 148 681 340 466 647 853 394 403 663 968 681 259 72 882 161 577 90 955 111 84 287 725 627 334 805 105 404 562 270 235 992 100 739 369 492 0 651 146 473 954 910 491 74 294 144 298 300 828 279 149 151 783 913 994 213 781 372 810 760 154 819 459 517 486 741 7 163 652 939 973 987 566 805 533 68 148 448 422 822 255 265 348 886 30 54 366 689 259 25 
268 398 231 306 268 12 598 721 776 78 148 681 340 466 647 853 394 403 663 968 681 259 72 882 161 577 90 955 111 84 287 725 627 334 805 105 404 562 270 235 992 100 739 369 492 25 651 0 473 954 910 491 74 294 144 298 300 828 279 149 151 783 913 994 213 781 372 810 760 154 819 459 517 486 741 7 163 652 939 973 987 566 805 533 68 148 448 422 822 255 265 348 886 30 54 366 689 259 345 146 
398 231 306 268 12 598 721 776 78 148 681 340 466 647 853 394 403 663 968 681 259 72 882 161 577 90 955 111 84 287 725 627 334 805 105 404 562 270 235 992 100 739 369 492 25 651 146 473 0 910 491 74 294 144 298 300 828 279 149 151 783 913 994 213 781 372 810 760 154 819 459 517 486 741 7 163 652 939 973 987 566 805 533 68 148 448 422 822 255 265 348 886 30 54 366 689 259 345 268 954 
231 306 268 12 598 721 776 78 148 681 340 466 647 853 394 403 663 968 681 259 72 882 161 577 90 955 111 84 287 725 627 334 805 105 404 562 270 235 992 100 739 369 492 25 651 146 473 954 910 0 74 294 144 298 300 828 279 149 151 783 913 994 213 781 372 810 760 154 819 459 517 486 741 7 163 652 939 973 987 566 805 533 68 148 448 422 822 255 265 348 886 30 54 366 689 259 345 268 398 491 
306 268 12 598 721 776 78 148 681 340 466 647 853 394 403 663 968 681 259 72 882 161 577 90 955 111 84 287 725 627 334 805 105 404 562 270 235 992 100 739 369 492 25 651 146 473 954 910 491 74 0 144 298 300 828 279 149 151 783 913 994 213 781 372 810 760 154 819 459 517 486 741 7 163 652 939 973 987 566 805 533 68 148 448 422 822 255 265 348 886 30 54 366 689 259 345 268 398 231 294 
268 12 598 721 776 78 148 681 340 466 647 853 394 403 663 968 681 259 72 882 161 577 90 955 111 84 287 725 627 334 805 105 404 562 270 235 992 100 739 369 492 25 651 146 473 954 910 491 74 294 144 0 300 828 279 149 151 783 913 994 213 781 372 810 760 154 819 459 517 486 741 7 163 652 939 973 987 566 805 533 68 148 448 422 822 255 265 348 886 30 54 366 689 259 345 268 398 231 306 298 
12 598 721 776 78 148 681 340 466 647 853 394 403 663 968 681 259 72 882 161 577 90 955 111 84 287 725 627 334 805 105 404 562 270 235 992 100 739 369 492 25 651 146 473 954 910 491 74 294 144 298 300 0 279 149 151 783 913 994 213 781 372 810 760 154 819 459 517 486 741 7 163 652 939 973 987 566 805 533 68 148 448 422 822 255 265 348 886 30 54 366 689 259 345 268 398 231 306 268 828 
598 721 776 78 148 681 340 466 647 853 394 403 663 968 681 259 72 882 161 577 90 955 111 84 287 725 627 334 805 105 404 562 270 235 992 100 739 369 492 25 651 146 473 954 910 491 74 294 144 298 300 828 279 0 151 783 913 994 213 781 372 810 760 154 819 459 517 486 741 7 163 652 939 973 987 566 805 533 68 148 448 422 822 255 265 348 886 30 54 366 689 259 345 268 398 231 306 268 12 149 
721 776 78 148 681 340 466 647 853 394 403 663 968 681 259 72 882 161 577 90 955 111 84 287 725 627 334 805 105 404 562 270 235 992 100 739 369 492 25 651 146 473 954 910 491 74 294 144 298 300 828 279 149 151 0 913 994 213 781 372 810 760 154 819 459 517 486 741 7 163 652 939 973 987 566 805 533 68 148 448 422 822 255 265 348 886 30 54 366 689 259 345 268 398 231 306 268 12 598 783 
776 78 148 681 340 466 647 853 394 403 663 968 681 259 72 882 161 577 90 955 111 84 287 725 627 334 805 105 404 562 270 235 992 100 739 369 492 25 651 146 473 954 910 491 74 294 144 298 300 828 279 149 151 783 913 0 213 781 372 810 760 154 819 459 517 486 741 7 163 652 939 973 987 566 805 533 68 148 448 422 822 255 265 348 886 30 54 366 689 259 345 268 398 231 306 268 12 598 721 994 
78 148 681 340 466 647 853 394 403 663 968 681 259 72 882 161 577 90 955 111 84 287 725 627 334 805 105 404 562 270 235 992 100 739 369 492 25 651 146 473 954 910 491 74 294 144 298 300 828 279 149 151 783 913 994 213 0 372 810 760 154 819 459 517 486 741 7 163 652 939 973 987 566 805 533 68 148 448 422 822 255 265 348 886 30 54 366 689 259 345 268 398 231 306 268 12 598 721 776 781 
148 681 340 466 647 853 394 403 663 968 681 259 72 882 161 577 90 955 111 84 287 725 627 334 805 105 404 562 270 235 992 100 739 369 492 25 651 146 473 954 910 491 74 294 144 298 300 828 279 149 151 783 913 994 213 781 372 0 760 154 819 459 517 486 741 7 163 652 939 973 987 566 805 533 68 148 448 422 822 255 265 348 886 30 54 366 689 259 345 268 398 231 306 268 12 598 721 776 78 810 
681 340 466 647 853 394 403 663 968 681 259 72 882 161 577 90 955 111 84 287 725 627 334 805 105 404 562 270 235 992 100 739 369 492 25 651 146 473 954 910 491 74 294 144 298 300 828 279 149 151 783 913 994 213 781 372 810 760 0 819 459 517 486 741 7 163 652 939 973 987 566 805 533 68 148 448 422 822 255 265 348 886 30 54 366 689 259 345 268 398 231 306 268 12 598 721 776 78 148 154 
340 466 647 853 394 403 663 968 681 259 72 882 161 577 90 955 111 84 287 725 627 334 805 105 404 562 270 235 992 100 739 369 492 25 651 146 473 954 910 491 74 294 144 298 300 828 279 149 151 783 913 994 213 781 372 810 760 154 819 0 517 486 741 7 163 652 939 973 987 566 805 533 68 148 448 422 822 255 265 348 886 30 54 366 689 259 345 268 398 231 306 268 12 598 721 776 78 148 681 459 
466 647 853 394 403 663 968 681 259 72 882 161 577 90 955 111 84 287 725 627 334 805 105 404 562 270 235 992 100 739 369 492 25 651 146 473 954 910 491 74 294 144 298 300 828 279 149 151 783 913 994 213 781 372 810 760 154 819 459 517 0 741 7 163 652 939 973 987 566 805 533 68 148 448 422 822 255 265 348 886 30 54 366 689 259 345 268 398 231 306 268 12 598 721 776 78 148 681 340 486 
647 853 394 403 663 968 681 259 72 882 161 577 90 955 111 84 287 725 627 334 805 105 404 562 270 235 992 100 739 369 492 25 651 146 473 954 910 491 74 294 144 298 300 828 279 149 151 783 913 994 213 781 372 810 760 154 819 459 517 486 741 0 163 652 939 973 987 566 805 533 68 148 448 422 822 255 265 348 886 30 54 366 689 259 345 268 398 231 306 268 12 598 721 776 78 148 681 340 466 7 
853 394 403 663 968 681 259 72 882 161 577 90 955 111 84 287 725 627 334 805 105 404 562 270 235 992 100 739 369 492 25 651 146 473 954 910 491 74 294 144 298 300 828 279 149 151 783 913 994 213 781 372 810 760 154 819 459 517 486 741 7 163 0 939 973 987 566 805 533 68 148 448 422 822 255 265 348 886 30 54 366 689 259 345 268 398 231 306 268 12 598 721 776 78 148 681 340 466 647 652 
394 403 663 968 681 259 72 882 161 577 90 955 111 84 287 725 627 334 805 105 404 562 270 235 992 100 739 369 492 25 651 146 473 954 910 491 74 294 144 298 300 828 279 149 151 783 913 994 213 781 372 810 760 154 819 459 517 486 741 7 163 652 939 0 987 566 805 533 68 148 448 422 822 255 265 348 886 30 54 366 689 259 345 268 398 231 306 268 12 598 721 776 78 148 681 340 466 647 853 973 
403 663 968 681 259 72 882 161 577 90 955 111 84 287 725 627 334 805 105 404 562 270 235 992 100 739 369 492 25 651 146 473 954 910 491 74 294 144 298 300 828 279 149 151 783 913 994 213 781 372 810 760 154 819 459 517 486 741 7 163 652 939 973 987 0 805 533 68 148 448 422 822 255 265 348 886 30 54 366 689 259 345 268 398 231 306 268 12 598 721 776 78 148 681 340 466 647 853 394 566 
663 968 681 259 72 882 161 577 90 955 111 84 287 725 627 334 805 105 404 562 270 235 992 100 739 369 492 25 651 146 473 954 910 491 74 294 144 298 300 828 279 149 151 783 913 994 213 781 372 810 760 154 819 459 517 486 741 7 163 652 939 973 987 566 805 0 68 148 448 422 822 255 265 348 886 30 54 366 689 259 345 268 398 231 306 268 12 598 721 776 78 148 681 340 466 647 853 394 403 533 
968 681 259 72 882 161 577 90 955 111 84 287 725 627 334 805 105 404 562 270 235 992 100 739 369 492 25 651 146 473 954 910 491 74 294 144 298 300 828 279 149 151 783 913 994 213 781 372 810 760 154 819 459 517 486 741 7 163 652 939 973 987 566 805 533 68 0 448 422 822 255 265 348 886 30 54 366 689 259 345 268 398 231 306 268 12 598 721 776 78 148 681 340 466 647 853 394 403 663 148 
681 259 72 882 161 577 90 955 111 84 287 725 627 334 805 105 404 562 270 235 992 100 739 369 492 25 651 146 473 954 910 491 74 294 144 298 300 828 279 149 151 783 913 994 213 781 372 810 760 154 819 459 517 486 741 7 163 652 939 973 987 566 805 533 68 148 448 0 822 255 265 348 886 30 54 366 689 259 345 268 398 231 306 268 12 598 721 776 78 148 681 340 466 647 853 394 403 663 968 422 
259 72 882 161 577 90 955 111 84 287 725 627 334 805 105 404 562 270 235 992 100 739 369 492 25 651 146 473 954 910 491 74 294 144 298 300 828 279 149 151 783 913 994 213 781 372 810 760 154 819 459 517 486 741 7 163 652 939 973 987 566 805 533 68 148 448 422 822 0 265 348 886 30 54 366 689 259 345 268 398 231 306 268 12 598 721 776 78 148 681 340 466 647 853 394 403 663 968 681 255 
72 882 161 577 90 955 111 84 287 725 627 334 805 105 404 562 270 235 992 100 739 369 492 25 651 146 473 954 910 491 74 294 144 298 300 828 279 149 151 783 913 994 213 781 372 810 760 154 819 459 517 486 741 7 163 652 939 973 987 566 805 533 68 148 448 422 822 255 265 0 886 30 54 366 689 259 345 268 398 231 306 268 12 598 721 776 78 148 681 340 466 647 853 394 403 663 968 681 259 348 
882 161 577 90 955 111 84 287 725 627 334 805 105 404 562 270 235 992 100 739 369 492 25 651 146 473 954 910 491 74 294 144 298 300 828 279 149 151 783 913 994 213 781 372 810 760 154 819 459 517 486 741 7 163 652 939 973 987 566 805 533 68 148 448 422 822 255 265 348 886 0 54 366 689 259 345 268 398 231 306 268 12 598 721 776 78 148 681 340 466 647 853 394 403 663 968 681 259 72 30 
161 577 90 955 111 84 287 725 627 334 805 105 404 562 270 235 992 100 739 369 492 25 651 146 473 954 910 491 74 294 144 298 300 828 279 149 151 783 913 994 213 781 372 810 760 154 819 459 517 486 741 7 163 652 939 973 987 566 805 533 68 148 448 422 822 255 265 348 886 30 54 0 689 259 345 268 398 231 306 268 12 598 721 776 78 148 681 340 466 647 853 394 403 663 968 681 259 72 882 366 
577 90 955 111 84 287 725 627 334 805 105 404 562 270 235 992 100 739 369 492 25 651 146 473 954 910 491 74 294 144 298 300 828 279 149 151 783 913 994 213 781 372 810 760 154 819 459 517 486 741 7 163 652 939 973 987 566 805 533 68 148 448 422 822 255 265 348 886 30 54 366 689 0 345 268 398 231 306 268 12 598 721 776 78 148 681 340 466 647 853 394 403 663 968 681 259 72 882 161 259 
90 955 111 84 287 725 627 334 805 105 404 562 270 235 992 100 739 369 492 25 651 146 473 954 910 491 74 294 144 298 300 828 279 149 151 783 913 994 213 781 372 810 760 154 819 459 517 486 741 7 163 652 939 973 987 566 805 533 68 148 448 422 822 255 265 348 886 30 54 366 689 259 345 0 398 231 306 268 12 598 721 776 78 148 681 340 466 647 853 394 403 663 968 681 259 72 882 161 577 268 
955 111 84 287 725 627 334 805 105 404 562 270 235 992 100 739 369 492 25 651 146 473 954 910 491 74 294 144 298 300 828 279 149 151 783 913 994 213 781 372 810 760 154 819 459 517 486 741 7 163 652 939 973 987 566 805 533 68 148 448 422 822 255 265 348 886 30 54 366 689 259 345 268 398 0 306 268 12 598 721 776 78 148 681 340 466 647 853 394 403 663 968 681 259 72 882 161 577 90 231 
111 84 287 725 627 334 805 105 404 562 270 235 992 100 739 369 492 25 651 146 473 954 910 491 74 294 144 298 300 828 279 149 151 783 913 994 213 781 372 810 760 154 819 459 517 486 741 7 163 652 939 973 987 566 805 533 68 148 448 422 822 255 265 348 886 30 54 366 689 259 345 268 398 231 306 0 12 598 721 776 78 148 681 340 466 647 853 394 403 663 968 681 259 72 882 161 577 90 955 268 
84 287 725 627 334 805 105 404 562 270 235 992 100 739 369 492 25 651 146 473 954 910 491 74 294 144 298 300 828 279 149 151 783 913 994 213 781 372 810 760 154 819 459 517 486 741 7 163 652 939 973 987 566 805 533 68 148 448 422 822 255 265 348 886 30 54 366 689 259 345 268 398 231 306 268 12 0 721 776 78 148 681 340 466 647 853 394 403 663 968 681 259 72 882 161 577 90 955 111 598 
287 725 627 334 805 105 404 562 270 235 992 100 739 369 492 25 651 146 473 954 910 491 74 294 144 298 300 828 279 149 151 783 913 994 213 781 372 810 760 154 819 459 517 486 741 7 163 652 939 973 987 566 805 533 68 148 448 422 822 255 265 348 886 30 54 366 689 259 345 268 398 231 306 268 12 598 721 0 78 148 681 340 466 647 853 394 403 663 968 681 259 72 882 161 577 90 955 111 84 776 
725 627 334 805 105 404 562 270 235 992 100 739 369 492 25 651 146 473 954 910 491 74 294 144 298 300 828 279 149 151 783 913 994 213 781 372 810 760 154 819 459 517 486 741 7 163 652 939 973 987 566 805 533 68 148 448 422 822 255 265 348 886 30 54 366 689 259 345 268 398 231 306 268 12 598 721 776 78 0 681 340 466 647 853 394 403 663 968 681 259 72 882 161 577 90 955 111 84 287 148 
627 334 805 105 404 562 270 235 992 100 739 369 492 25 651 146 473 954 910 491 74 294 144 298 300 828 279 149 151 783 913 994 213 781 372 810 760 154 819 459 517 486 741 7 163 652 939 973 987 566 805 533 68 148 448 422 822 255 265 348 886 30 54 366 689 259 345 268 398 231 306 268 12 598 721 776 78 148 681 0 466 647 853 394 403 663 968 681 259 72 882 161 577 90 955 111 84 287 725 340 
334 805 105 404 562 270 235 992 100 739 369 492 25 651 146 473 954 910 491 74 294 144 298 300 828 279 149 151 783 913 994 213 781 372 810 760 154 819 459 517 486 741 7 163 652 939 973 987 566 805 533 68 148 448 422 822 255 265 348 886 30 54 366 689 259 345 268 398 231 306 268 12 598 721 776 78 148 681 340 466 0 853 394 403 663 968 681 259 72 882 161 577 90 955 111 84 287 725 627 647 
805 105 404 562 270 235 992 100 739 369 492 25 651 146 473 954 910 491 74 294 144 298 300 828 279 149 151 783 913 994 213 781 372 810 760 154 819 459 517 486 741 7 163 652 939 973 987 566 805 533 68 148 448 422 822 255 265 348 886 30 54 366 689 259 345 268 398 231 306 268 12 598 721 776 78 148 681 340 466 647 853 0 403 663 968 681 259 72 882 161 577 90 955 111 84 287 725 627 334 394 
105 404 562 270 235 992 100 739 369 492 25 651 146 473 954 910 491 74 294 144 298 300 828 279 149 151 783 913 994 213 781 372 810 760 154 819 459 517 486 741 7 163 652 939 973 987 566 805 533 68 148 448 422 822 255 265 348 886 30 54 366 689 259 345 268 398 231 306 268 12 598 721 776 78 148 681 340 466 647 853 394 403 0 968 681 259 72 882 161 577 90 955 111 84 287 725 627 334 805 663 
404 562 270 235 992 100 739 369 492 25 651 146 473 954 910 491 74 294 144 298 300 828 279 149 151 783 913 994 213 781 372 810 760 154 819 459 517 486 741 7 163 652 939 973 987 566 805 533 68 148 448 422 822 255 265 348 886 30 54 366 689 259 345 268 398 231 306 268 12 598 721 776 78 148 681 340 466 647 853 394 403 663 968 0 259 72 882 161 577 90 955 111 84 287 725 627 334 805 105 681 
562 270 235 992 100 739 369 492 25 651 146 473 954 910 491 74 294 144 298 300 828 279 149 151 783 913 994 213 781 372 810 760 154 819 459 517 486 741 7 163 652 939 973 987 566 805 533 68 148 448 422 822 255 265 348 886 30 54 366 689 259 345 268 398 231 306 268 12 598 721 776 78 148 681 340 466 647 853 394 403 663 968 681 259 0 882 161 577 90 955 111 84 287 725 627 334 805 105 404 72 
270 235 992 100 739 369 492 25 651 146 473 954 910 491 74 294 144 298 300 828 279 149 151 783 913 994 213 781 372 810 760 154 819 459 517 486 741 7 163 652 939 973 987 566 805 533 68 148 448 422 822 255 265 348 886 30 54 366 689 259 345 268 398 231 306 268 12 598 721 776 78 148 681 340 466 647 853 394 403 663 968 681 259 72 882 0 577 90 955 111 84 287 725 627 334 805 105 404 562 161 
235 992 100 739 369 492 25 651 146 473 954 910 491 74 294 144 298 300 828 279 149 151 783 913 994 213 781 372 810 760 154 819 459 517 486 741 7 163 652 939 973 987 566 805 533 68 148 448 422 822 255 265 348 886 30 54 366 689 259 345 268 398 231 306 268 12 598 721 776 78 148 681 340 466 647 853 394 403 663 968 681 259 72 882 161 577 0 955 111 84 287 725 627 334 805 105 404 562 270 90 
992 100 739 369 492 25 651 146 473 954 910 491 74 294 144 298 300 828 279 149 151 783 913 994 213 781 372 810 760 154 819 459 517 486 741 7 163 652 939 973 987 566 805 533 68 148 448 422 822 255 265 348 886 30 54 366 689 259 345 268 398 231 306 268 12 598 721 776 78 148 681 340 466 647 853 394 403 663 968 681 259 72 882 161 577 90 955 0 84 287 725 627 334 805 105 404 562 270 235 111 
100 739 369 492 25 651 146 473 954 910 491 74 294 144 298 300 828 279 149 151 783 913 994 213 781 372 810 760 154 819 459 517 486 741 7 163 652 939 973 987 566 805 533 68 148 448 422 822 255 265 348 886 30 54 366 689 259 345 268 398 231 306 268 12 598 721 776 78 148 681 340 466 647 853 394 403 663 968 681 259 72 882 161 577 90 955 111 84 0 725 627 334 805 105 404 562 270 235 992 287 
739 369 492 25 651 146 473 954 910 491 74 294 144 298 300 828 279 149 151 783 913 994 213 781 372 810 760 154 819 459 517 486 741 7 163 652 939 973 987 566 805 533 68 148 448 422 822 255 265 348 886 30 54 366 689 259 345 268 398 231 306 268 12 598 721 776 78 148 681 340 466 647 853 394 403 663 968 681 259 72 882 161 577 90 955 111 84 287 725 0 334 805 105 404 562 270 235 992 100 627 
369 492 25 651 146 473 954 910 491 74 294 144 298 300 828 279 149 151 783 913 994 213 781 372 810 760 154 819 459 517 486 741 7 163 652 939 973 987 566 805 533 68 148 448 422 822 255 265 348 886 30 54 366 689 259 345 268 398 231 306 268 12 598 721 776 78 148 681 340 466 647 853 394 403 663 968 681 259 72 882 161 577 90 955 111 84 287 725 627 334 0 105 404 562 270 235 992 100 739 805 
492 25 651 146 473 954 910 491 74 294 144 298 300 828 279 149 151 783 913 994 213 781 372 810 760 154 819 459 517 486 741 7 163 652 939 973 987 566 805 533 68 148 448 422 822 255 265 348 886 30 54 366 689 259 345 268 398 231 306 268 12 598 721 776 78 148 681 340 466 647 853 394 403 663 968 681 259 72 882 161 577 90 955 111 84 287 725 627 334 805 105 0 562 270 235 992 100 739 369 404 
25 651 146 473 954 910 491 74 294 144 298 300 828 279 149 151 783 913 994 213 781 372 810 760 154 819 459 517 486 741 7 163 652 939 973 987 566 805 533 68 148 448 422 822 255 265 348 886 30 54 366 689 259 345 268 398 231 306 268 12 598 721 776 78 148 681 340 466 647 853 394 403 663 968 681 259 72 882 161 577 90 955 111 84 287 725 627 334 805 105 404 562 0 235 992 100 739 369 492 270 
651 146 473 954 910 491 74 294 144 298 300 828 279 149 151 783 913 994 213 781 372 810 760 154 819 459 517 486 741 7 163 652 939 973 987 566 805 533 68 148 448 422 822 255 265 348 886 30 54 366 689 259 345 268 398 231 306 268 12 598 721 776 78 148 681 340 466 647 853 394 403 663 968 681 259 72 882 161 577 90 955 111 84 287 725 627 334 805 105 404 562 270 235 0 100 739 369 492 25 992 
146 473 954 910 491 74 294 144 298 300 828 279 149 151 783 913 994 213 781 372 810 760 154 819 459 517 486 741 7 163 652 939 973 987 566 805 533 68 148 448 422 822 255 265 348 886 30 54 366 689 259 345 268 398 231 306 268 12 598 721 776 78 148 681 340 466 647 853 394 403 663 968 681 259 72 882 161 577 90 955 111 84 287 725 627 334 805 105 404 562 270 235 992 100 0 369 492 25 651 739 
473 954 910 491 74 294 144 298 300 828 279 149 151 783 913 994 213 781 372 810 760 154 819 459 517 486 741 7 163 652 939 973 987 566 805 533 68 148 448 422 822 255 265 348 886 30 54 366 689 259 345 268 398 231 306 268 12 598 721 776 78 148 681 340 466 647 853 394 403 663 968 681 259 72 882 161 577 90 955 111 84 287 725 627 334 805 105 404 562 270 235 992 100 739 369 0 25 651 146 492 
954 910 491 74 294 144 298 300 828 279 149 151 783 913 994 213 781 372 810 760 154 819 459 517 486 741 7 163 652 939 973 987 566 805 533 68 148 448 422 822 255 265 348 886 30 54 366 689 259 345 268 398 231 306 268 12 598 721 776 78 148 681 340 466 647 853 394 403 663 968 681 259 72 882 161 577 90 955 111 84 287 725 627 334 805 105 404 562 270 235 992 100 739 369 492 25 0 146 473 651 
910 491 74 294 144 298 300 828 279 149 151 783 913 994 213 781 372 810 760 154 819 459 517 486 741 7 163 652 939 973 987 566 805 533 68 148 448 422 822 255 265 348 886 30 54 366 689 259 345 268 398 231 306 268 12 598 721 776 78 148 681 340 466 647 853 394 403 663 968 681 259 72 882 161 577 90 955 111 84 287 725 627 334 805 105 404 562 270 235 992 100 739 369 492 25 651 146 0 954 473 
491 74 294 144 298 300 828 279 149 151 783 913 994 213 781 372 810 760 154 819 459 517 486 741 7 163 652 939 973 987 566 805 533 68 148 448 422 822 255 265 348 886 30 54 366 689 259 345 268 398 231 306 268 12 598 721 776 78 148 681 340 466 647 853 394 403 663 968 681 259 72 882 161 577 90 955 111 84 287 725 627 334 805 105 404 562 270 235 992 100 739 369 492 25 651 146 473 954 0 910 
74 144 300 279 151 913 213 372 760 819 517 741 163 939 987 805 68 448 822 265 886 54 689 345 398 306 12 721 78 681 466 853 403 968 259 882 577 955 84 725 334 105 562 235 100 369 25 146 954 491 294 298 828 149 783 994 781 810 154 459 486 7 652 973 566 533 148 422 255 348 30 366 259 268 231 268 598 776 148 340 647 394 663 681 72 161 90 111 287 627 805 404 270 992 739 492 651 473 910 0 
