0 164 316 264 738 548 858 357 472 362 830 562 4 690 741 382 655 473 913 500 7 90 128 788 703 561 435 143 598 526 177 95 88 109 759 400 307 553 583 772 68 254 790 254 698 905 207 871 619 133 344 344 926 60 149 414 328 604 828 127 110 374 397 352 672 101 487 423 265 403 451 741 538 303 829 367 467 971 485 493 494 141 620 976 74 789 815 392 938 827 916 649 743 546 604 297 617 801 747 235 
164 0 264 738 548 858 357 472 362 830 562 4 690 741 382 655 473 913 500 7 90 128 788 703 561 435 143 598 526 177 95 88 109 759 400 307 553 583 772 68 254 790 254 698 905 207 871 619 133 344 344 926 60 149 414 328 604 828 127 110 374 397 352 672 101 487 423 265 403 451 741 538 303 829 367 467 971 485 493 494 141 620 976 74 789 815 392 938 827 916 649 743 546 604 297 617 801 747 235 316 
316 264 0 548 858 357 472 362 830 562 4 690 741 382 655 473 913 500 7 90 128 788 703 561 435 143 598 526 177 95 88 109 759 400 307 553 583 772 68 254 790 254 698 905 207 871 619 133 344 344 926 60 149 414 328 604 828 127 110 374 397 352 672 101 487 423 265 403 451 741 538 303 829 367 467 971 485 493 494 141 620 976 74 789 815 392 938 827 916 649 743 546 604 297 617 801 747 235 164 738 
264 738 548 0 357 472 362 830 562 4 690 741 382 655 473 913 500 7 90 128 788 703 561 435 143 598 526 177 95 88 109 759 400 307 553 583 772 68 254 790 254 698 905 207 871 619 133 344 344 926 60 149 414 328 604 828 127 110 374 397 352 672 101 487 423 265 403 451 741 538 303 829 367 467 971 485 493 494 141 620 976 74 789 815 392 938 827 916 649 743 546 604 297 617 801 747 235 164 316 858 
738 548 858 357 0 362 830 562 4 690 741 382 655 473 913 500 7 90 128 788 703 561 435 143 598 526 177 95 88 109 759 400 307 553 583 772 68 254 790 254 698 905 207 871 619 133 344 344 926 60 149 414 328 604 828 127 110 374 397 352 672 101 487 423 265 403 451 741 538 303 829 367 467 971 485 493 494 141 620 976 74 789 815 392 938 827 916 649 743 546 604 297 617 801 747 235 164 316 264 472 
548 858 357 472 362 0 562 4 690 741 382 655 473 913 500 7 90 128 788 703 561 435 143 598 526 177 95 88 109 759 400 307 553 583 772 68 254 790 254 698 905 207 871 619 133 344 344 926 60 149 414 328 604 828 127 110 374 397 352 672 101 487 423 265 403 451 741 538 303 829 367 467 971 485 493 494 141 620 976 74 789 815 392 938 827 916 649 743 546 604 297 617 801 747 235 164 316 264 738 830 
858 357 472 362 830 562 0 690 741 382 655 473 913 500 7 90 128 788 703 561 435 143 598 526 177 95 88 109 759 400 307 553 583 772 68 254 790 254 698 905 207 871 619 133 344 344 926 60 149 414 328 604 828 127 110 374 397 352 672 101 487 423 265 403 451 741 538 303 829 367 467 971 485 493 494 141 620 976 74 789 815 392 938 827 916 649 743 546 604 297 617 801 747 235 164 316 264 738 548 4 
357 472 362 830 562 4 690 0 382 655 473 913 500 7 90 128 788 703 561 435 143 598 526 177 95 88 109 759 400 307 553 583 772 68 254 790 254 698 905 207 871 619 133 344 344 926 60 149 414 328 604 828 127 110 374 397 352 672 101 487 423 265 403 451 741 538 303 829 367 467 971 485 493 494 141 620 976 74 789 815 392 938 827 916 649 743 546 604 297 617 801 747 235 164 316 264 738 548 858 741 
472 362 830 562 4 690 741 382 0 473 913 500 7 90 128 788 703 561 435 143 598 526 177 95 88 109 759 400 307 553 583 772 68 254 790 254 698 905 207 871 619 133 344 344 926 60 149 414 328 604 828 127 110 374 397 352 672 101 487 423 265 403 451 741 538 303 829 367 467 971 485 493 494 141 620 976 74 789 815 392 938 827 916 649 743 546 604 297 617 801 747 235 164 316 264 738 548 858 357 655 
362 830 562 4 690 741 382 655 473 0 500 7 90 128 788 703 561 435 143 598 526 177 95 88 109 759 400 307 553 583 772 68 254 790 254 698 905 207 871 619 133 344 344 926 60 149 414 328 604 828 127 110 374 397 352 672 101 487 423 265 403 451 741 538 303 829 367 467 971 485 493 494 141 620 976 74 789 815 392 938 827 916 649 743 546 604 297 617 801 747 235 164 316 264 738 548 858 357 472 913 
830 562 4 690 741 382 655 473 913 500 0 90 128 788 703 561 435 143 598 526 177 95 88 109 759 400 307 553 583 772 68 254 790 254 698 905 207 871 619 133 344 344 926 60 149 414 328 604 828 127 110 374 397 352 672 101 487 423 265 403 451 741 538 303 829 367 467 971 485 493 494 141 620 976 74 789 815 392 938 827 916 649 743 546 604 297 617 801 747 235 164 316 264 738 548 858 357 472 362 7 
562 4 690 741 382 655 473 913 500 7 90 0 788 703 561 435 143 598 526 177 95 88 109 759 400 307 553 583 772 68 254 790 254 698 905 207 871 619 133 344 344 926 60 149 414 328 604 828 127 110 374 397 352 672 101 487 423 265 403 451 741 538 303 829 367 467 971 485 493 494 141 620 976 74 789 815 392 938 827 916 649 743 546 604 297 617 801 747 235 164 316 264 738 548 858 357 472 362 830 128 
4 690 741 382 655 473 913 500 7 90 128 788 0 561 435 143 598 526 177 95 88 109 759 400 307 553 583 772 68 254 790 254 698 905 207 871 619 133 344 344 926 60 149 414 328 604 828 127 110 374 397 352 672 101 487 423 265 403 451 741 538 303 829 367 467 971 485 493 494 141 620 976 74 789 815 392 938 827 916 649 743 546 604 297 617 801 747 235 164 316 264 738 548 858 357 472 362 830 562 703 
690 741 382 655 473 913 500 7 90 128 788 703 561 0 143 598 526 177 95 88 109 759 400 307 553 583 772 68 254 790 254 698 905 207 871 619 133 344 344 926 60 149 414 328 604 828 127 110 374 397 352 672 101 487 423 265 403 451 741 538 303 829 367 467 971 485 493 494 141 620 976 74 789 815 392 938 827 916 649 743 546 604 297 617 801 747 235 164 316 264 738 548 858 357 472 362 830 562 4 435 
741 382 655 473 913 500 7 90 128 788 703 561 435 143 0 526 177 95 88 109 759 400 307 553 583 772 68 254 790 254 698 905 207 871 619 133 344 344 926 60 149 414 328 604 828 127 110 374 397 352 672 101 487 423 265 403 451 741 538 303 829 367 467 971 485 493 494 141 620 976 74 789 815 392 938 827 916 649 743 546 604 297 617 801 747 235 164 316 264 738 548 858 357 472 362 830 562 4 690 598 
382 655 473 913 500 7 90 128 788 703 561 435 143 598 526 0 95 88 109 759 400 307 553 583 772 68 254 790 254 698 905 207 871 619 133 344 344 926 60 149 414 328 604 828 127 110 374 397 352 672 101 487 423 265 403 451 741 538 303 829 367 467 971 485 493 494 141 620 976 74 789 815 392 938 827 916 649 743 546 604 297 617 801 747 235 164 316 264 738 548 858 357 472 362 830 562 4 690 741 177 
655 473 913 500 7 90 128 788 703 561 435 143 598 526 177 95 0 109 759 400 307 553 583 772 68 254 790 254 698 905 207 871 619 133 344 344 926 60 149 414 328 604 828 127 110 374 397 352 672 101 487 423 265 403 451 741 538 303 829 367 467 971 485 493 494 141 620 976 74 789 815 392 938 827 916 649 743 546 604 297 617 801 747 235 164 316 264 738 548 858 357 472 362 830 562 4 690 741 382 88 
473 913 500 7 90 128 788 703 561 435 143 598 526 177 95 88 109 0 400 307 553 583 772 68 254 790 254 698 905 207 871 619 133 344 344 926 60 149 414 328 604 828 127 110 374 397 352 672 101 487 423 265 403 451 741 538 303 829 367 467 971 485 493 494 141 620 976 74 789 815 392 938 827 916 649 743 546 604 297 617 801 747 235 164 316 264 738 548 858 357 472 362 830 562 4 690 741 382 655 759 
913 500 7 90 128 788 703 561 435 143 598 526 177 95 88 109 759 400 0 553 583 772 68 254 790 254 698 905 207 871 619 133 344 344 926 60 149 414 328 604 828 127 110 374 397 352 672 101 487 423 265 403 451 741 538 303 829 367 467 971 485 493 494 141 620 976 74 789 815 392 938 827 916 649 743 546 604 297 617 801 747 235 164 316 264 738 548 858 357 472 362 830 562 4 690 741 382 655 473 307 
500 7 90 128 788 703 561 435 143 598 526 177 95 88 109 759 400 307 553 0 772 68 254 790 254 698 905 207 871 619 133 344 344 926 60 149 414 328 604 828 127 110 374 397 352 672 101 487 423 265 403 451 741 538 303 829 367 467 971 485 493 494 141 620 976 74 789 815 392 938 827 916 649 743 546 604 297 617 801 747 235 164 316 264 738 548 858 357 472 362 830 562 4 690 741 382 655 473 913 583 
7 90 128 788 703 561 435 143 598 526 177 95 88 109 759 400 307 553 583 772 0 254 790 254 698 905 207 871 619 133 344 344 926 60 149 414 328 604 828 127 110 374 397 352 672 101 487 423 265 403 451 741 538 303 829 367 467 971 485 493 494 141 620 976 74 789 815 392 938 827 916 649 743 546 604 297 617 801 747 235 164 316 264 738 548 858 357 472 362 830 562 4 690 741 382 655 473 913 500 68 
90 128 788 703 561 435 143 598 526 177 95 88 109 759 400 307 553 583 772 68 254 0 254 698 905 207 871 619 133 344 344 926 60 149 414 328 604 828 127 110 374 397 352 672 101 487 423 265 403 451 741 538 303 829 367 467 971 485 493 494 141 620 976 74 789 815 392 938 827 916 649 743 546 604 297 617 801 747 235 164 316 264 738 548 858 357 472 362 830 562 4 690 741 382 655 473 913 500 7 790 
128 788 703 561 435 143 598 526 177 95 88 109 759 400 307 553 583 772 68 254 790 254 0 905 207 871 619 133 344 344 926 60 149 414 328 604 828 127 110 374 397 352 672 101 487 423 265 403 451 741 538 303 829 367 467 971 485 493 494 141 620 976 74 789 815 392 938 827 916 649 743 546 604 297 617 801 747 235 164 316 264 738 548 858 357 472 362 830 562 4 690 741 382 655 473 913 500 7 90 698 
788 703 561 435 143 598 526 177 95 88 109 759 400 307 553 583 772 68 254 790 254 698 905 0 871 619 133 344 344 926 60 149 414 328 604 828 127 110 374 397 352 672 101 487 423 265 403 451 741 538 303 829 367 467 971 485 493 494 141 620 976 74 789 815 392 938 827 916 649 743 546 604 297 617 801 747 235 164 316 264 738 548 858 357 472 362 830 562 4 690 741 382 655 473 913 500 7 90 128 207 
703 561 435 143 598 526 177 95 88 109 759 400 307 553 583 772 68 254 790 254 698 905 207 871 0 133 344 344 926 60 149 414 328 604 828 127 110 374 397 352 672 101 487 423 265 403 451 741 538 303 829 367 467 971 485 493 494 141 620 976 74 789 815 392 938 827 916 649 743 546 604 297 617 801 747 235 164 316 264 738 548 858 357 472 362 830 562 4 690 741 382 655 473 913 500 7 90 128 788 619 
561 435 143 598 526 177 95 88 109 759 400 307 553 583 772 68 254 790 254 698 905 207 871 619 133 0 344 926 60 149 414 328 604 828 127 110 374 397 352 672 101 487 423 265 403 451 741 538 303 829 367 467 971 485 493 494 141 620 976 74 789 815 392 938 827 916 649 743 546 604 297 617 801 747 235 164 316 264 738 548 858 357 472 362 830 562 4 690 741 382 655 473 913 500 7 90 128 788 703 344 
435 143 598 526 177 95 88 109 759 400 307 553 583 772 68 254 790 254 698 905 207 871 619 133 344 344 0 60 149 414 328 604 828 127 110 374 397 352 672 101 487 423 265 403 451 741 538 303 829 367 467 971 485 493 494 141 620 976 74 789 815 392 938 827 916 649 743 546 604 297 617 801 747 235 164 316 264 738 548 858 357 472 362 830 562 4 690 741 382 655 473 913 500 7 90 128 788 703 561 926 
143 598 526 177 95 88 109 759 400 307 553 583 772 68 254 790 254 698 905 207 871 619 133 344 344 926 60 0 414 328 604 828 127 110 374 397 352 672 101 487 423 265 403 451 741 538 303 829 367 467 971 485 493 494 141 620 976 74 789 815 392 938 827 916 649 743 546 604 297 617 801 747 235 164 316 264 738 548 858 357 472 362 830 562 4 690 741 382 655 473 913 500 7 90 128 788 703 561 435 149 
598 526 177 95 88 109 759 400 307 553 583 772 68 254 790 254 698 905 207 871 619 133 344 344 926 60 149 414 0 604 828 127 110 374 397 352 672 101 487 423 265 403 451 741 538 303 829 367 467 971 485 493 494 141 620 976 74 789 815 392 938 827 916 649 743 546 604 297 617 801 747 235 164 316 264 738 548 858 357 472 362 830 562 4 690 741 382 655 473 913 500 7 90 128 788 703 561 435 143 328 
526 177 95 88 109 759 400 307 553 583 772 68 254 790 254 698 905 207 871 619 133 344 344 926 60 149 414 328 604 0 127 110 374 397 352 672 101 487 423 265 403 451 741 538 303 829 367 467 971 485 493 494 141 620 976 74 789 815 392 938 827 916 649 743 546 604 297 617 801 747 235 164 316 264 738 548 858 357 472 362 830 562 4 690 741 382 655 473 913 500 7 90 128 788 703 561 435 143 598 828 
177 95 88 109 759 400 307 553 583 772 68 254 790 254 698 905 207 871 619 133 344 344 926 60 149 414 328 604 828 127 0 374 397 352 672 101 487 423 265 403 451 741 538 303 829 367 467 971 485 493 494 141 620 976 74 789 815 392 938 827 916 649 743 546 604 297 617 801 747 235 164 316 264 738 548 858 357 472 362 830 562 4 690 741 382 655 473 913 500 7 90 128 788 703 561 435 143 598 526 110 
95 88 109 759 400 307 553 583 772 68 254 790 254 698 905 207 871 619 133 344 344 926 60 149 414 328 604 828 127 110 374 0 352 672 101 487 423 265 403 451 741 538 303 829 367 467 971 485 493 494 141 620 976 74 789 815 392 938 827 916 649 743 546 604 297 617 801 747 235 164 316 264 738 548 858 357 472 362 830 562 4 690 741 382 655 473 913 500 7 90 128 788 703 561 435 143 598 526 177 397 
88 109 759 400 307 553 583 772 68 254 790 254 698 905 207 871 619 133 344 344 926 60 149 414 328 604 828 127 110 374 397 352 0 101 487 423 265 403 451 741 538 303 829 367 467 971 485 493 494 141 620 976 74 789 815 392 938 827 916 649 743 546 604 297 617 801 747 235 164 316 264 738 548 858 357 472 362 830 562 4 690 741 382 655 473 913 500 7 90 128 788 703 561 435 143 598 526 177 95 672 
109 759 400 307 553 583 772 68 254 790 254 698 905 207 871 619 133 344 344 926 60 149 414 328 604 828 127 110 374 397 352 672 101 0 423 265 403 451 741 538 303 829 367 467 971 485 493 494 141 620 976 74 789 815 392 938 827 916 649 743 546 604 297 617 801 747 235 164 316 264 738 548 858 357 472 362 830 562 4 690 741 382 655 473 913 500 7 90 128 788 703 561 435 143 598 526 177 95 88 487 
759 400 307 553 583 772 68 254 790 254 698 905 207 871 619 133 344 344 926 60 149 414 328 604 828 127 110 374 397 352 672 101 487 423 0 403 451 741 538 303 829 367 467 971 485 493 494 141 620 976 74 789 815 392 938 827 916 649 743 546 604 297 617 801 747 235 164 316 264 738 548 858 357 472 362 830 562 4 690 741 382 655 473 913 500 7 90 128 788 703 561 435 143 598 526 177 95 88 109 265 
400 307 553 583 772 68 254 790 254 698 905 207 871 619 133 344 344 926 60 149 414 328 604 828 127 110 374 397 352 672 101 487 423 265 403 0 741 538 303 829 367 467 971 485 493 494 141 620 976 74 789 815 392 938 827 916 649 743 546 604 297 617 801 747 235 164 316 264 738 548 858 357 472 362 830 562 4 690 741 382 655 473 913 500 7 90 128 788 703 561 435 143 598 526 177 95 88 109 759 451 
307 553 583 772 68 254 790 254 698 905 207 871 619 133 344 344 926 60 149 414 328 604 828 127 110 374 397 352 672 101 487 423 265 403 451 741 0 303 829 367 467 971 485 493 494 141 620 976 74 789 815 392 938 827 916 649 743 546 604 297 617 801 747 235 164 316 264 738 548 858 357 472 362 830 562 4 690 741 382 655 473 913 500 7 90 128 788 703 561 435 143 598 526 177 95 88 109 759 400 538 
553 583 772 68 254 790 254 698 905 207 871 619 133 344 344 926 60 149 414 328 604 828 127 110 374 397 352 672 101 487 423 265 403 451 741 538 303 0 367 467 971 485 493 494 141 620 976 74 789 815 392 938 827 916 649 743 546 604 297 617 801 747 235 164 316 264 738 548 858 357 472 362 830 562 4 690 741 382 655 473 913 500 7 90 128 788 703 561 435 143 598 526 177 95 88 109 759 400 307 829 
583 772 68 254 790 254 698 905 207 871 619 133 344 344 926 60 149 414 328 604 828 127 110 374 397 352 672 101 487 423 265 403 451 741 538 303 829 367 0 971 485 493 494 141 620 976 74 789 815 392 938 827 916 649 743 546 604 297 617 801 747 235 164 316 264 738 548 858 357 472 362 830 562 4 690 741 382 655 473 913 500 7 90 128 788 703 561 435 143 598 526 177 95 88 109 759 400 307 553 467 
772 68 254 790 254 698 905 207 871 619 133 344 344 926 60 149 414 328 604 828 127 110 374 397 352 672 101 487 423 265 403 451 741 538 303 829 367 467 971 0 493 494 141 620 976 74 789 815 392 938 827 916 649 743 546 604 297 617 801 747 235 164 316 264 738 548 858 357 472 362 830 562 4 690 741 382 655 473 913 500 7 90 128 788 703 561 435 143 598 526 177 95 88 109 759 400 307 553 583 485 
68 254 790 254 698 905 207 871 619 133 344 344 926 60 149 414 328 604 828 127 110 374 397 352 672 101 487 423 265 403 451 741 538 303 829 367 467 971 485 493 0 141 620 976 74 789 815 392 938 827 916 649 743 546 604 297 617 801 747 235 164 316 264 738 548 858 357 472 362 830 562 4 690 741 382 655 473 913 500 7 90 128 788 703 561 435 143 598 526 177 95 88 109 759 400 307 553 583 772 494 
254 790 254 698 905 207 871 619 133 344 344 926 60 149 414 328 604 828 127 110 374 397 352 672 101 487 423 265 403 451 741 538 303 829 367 467 971 485 493 494 141 0 976 74 789 815 392 938 827 916 649 743 546 604 297 617 801 747 235 164 316 264 738 548 858 357 472 362 830 562 4 690 741 382 655 473 913 500 7 90 128 788 703 561 435 143 598 526 177 95 88 109 759 400 307 553 583 772 68 620 
790 254 698 905 207 871 619 133 344 344 926 60 149 414 328 604 828 127 110 374 397 352 672 101 487 423 265 403 451 741 538 303 829 367 467 971 485 493 494 141 620 976 0 789 815 392 938 827 916 649 743 546 604 297 617 801 747 235 164 316 264 738 548 858 357 472 362 830 562 4 690 741 382 655 473 913 500 7 90 128 788 703 561 435 143 598 526 177 95 88 109 759 400 307 553 583 772 68 254 74 
254 698 905 207 871 619 133 344 344 926 60 149 414 328 604 828 127 110 374 397 352 672 101 487 423 265 403 451 741 538 303 829 367 467 971 485 493 494 141 620 976 74 789 0 392 938 827 916 649 743 546 604 297 617 801 747 235 164 316 264 738 548 858 357 472 362 830 562 4 690 741 382 655 473 913 500 7 90 128 788 703 561 435 143 598 526 177 95 88 109 759 400 307 553 583 772 68 254 790 815 
698 905 207 871 619 133 344 344 926 60 149 414 328 604 828 127 110 374 397 352 672 101 487 423 265 403 451 741 538 303 829 367 467 971 485 493 494 141 620 976 74 789 815 392 0 827 916 649 743 546 604 297 617 801 747 235 164 316 264 738 548 858 357 472 362 830 562 4 690 741 382 655 473 913 500 7 90 128 788 703 561 435 143 598 526 177 95 88 109 759 400 307 553 583 772 68 254 790 254 938 
905 207 871 619 133 344 344 926 60 149 414 328 604 828 127 110 374 397 352 672 101 487 423 265 403 451 741 538 303 829 367 467 971 485 493 494 141 620 976 74 789 815 392 938 827 0 649 743 546 604 297 617 801 747 235 164 316 264 738 548 858 357 472 362 830 562 4 690 741 382 655 473 913 500 7 90 128 788 703 561 435 143 598 526 177 95 88 109 759 400 307 553 583 772 68 254 790 254 698 916 
207 871 619 133 344 344 926 60 149 414 328 604 828 127 110 374 397 352 672 101 487 423 265 403 451 741 538 303 829 367 467 971 485 493 494 141 620 976 74 789 815 392 938 827 916 649 0 546 604 297 617 801 747 235 164 316 264 738 548 858 357 472 362 830 562 4 690 741 382 655 473 913 500 7 90 128 788 703 561 435 143 598 526 177 95 88 109 759 400 307 553 583 772 68 254 790 254 698 905 743 
871 619 133 344 344 926 60 149 414 328 604 828 127 110 374 397 352 672 101 487 423 265 403 451 741 538 303 829 367 467 971 485 493 494 141 620 976 74 789 815 392 938 827 916 649 743 546 0 297 617 801 747 235 164 316 264 738 548 858 357 472 362 830 562 4 690 741 382 655 473 913 500 7 90 128 788 703 561 435 143 598 526 177 95 88 109 759 400 307 553 583 772 68 254 790 254 698 905 207 604 
619 133 344 344 926 60 149 414 328 604 828 127 110 374 397 352 672 101 487 423 265 403 451 741 538 303 829 367 467 971 485 493 494 141 620 976 74 789 815 392 938 827 916 649 743 546 604 297 0 801 747 235 164 316 264 738 548 858 357 472 362 830 562 4 690 741 382 655 473 913 500 7 90 128 788 703 561 435 143 598 526 177 95 88 109 759 400 307 553 583 772 68 254 790 254 698 905 207 871 617 
133 344 344 926 60 149 414 328 604 828 127 110 374 397 352 672 101 487 423 265 403 451 741 538 303 829 367 467 971 485 493 494 141 620 976 74 789 815 392 938 827 916 649 743 546 604 297 617 801 0 235 164 316 264 738 548 858 357 472 362 830 562 4 690 741 382 655 473 913 500 7 90 128 788 703 561 435 143 598 526 177 95 88 109 759 400 307 553 583 772 68 254 790 254 698 905 207 871 619 747 
344 344 926 60 149 414 328 604 828 127 110 374 397 352 672 101 487 423 265 403 451 741 538 303 829 367 467 971 485 493 494 141 620 976 74 789 815 392 938 827 916 649 743 546 604 297 617 801 747 235 0 316 264 738 548 858 357 472 362 830 562 4 690 741 382 655 473 913 500 7 90 128 788 703 561 435 143 598 526 177 95 88 109 759 400 307 553 583 772 68 254 790 254 698 905 207 871 619 133 164 
344 926 60 149 414 328 604 828 127 110 374 397 352 672 101 487 423 265 403 451 741 538 303 829 367 467 971 485 493 494 141 620 976 74 789 815 392 938 827 916 649 743 546 604 297 617 801 747 235 164 316 0 738 548 858 357 472 362 830 562 4 690 741 382 655 473 913 500 7 90 128 788 703 561 435 143 598 526 177 95 88 109 759 400 307 553 583 772 68 254 790 254 698 905 207 871 619 133 344 264 
926 60 149 414 328 604 828 127 110 374 397 352 672 101 487 423 265 403 451 741 538 303 829 367 467 971 485 493 494 141 620 976 74 789 815 392 938 827 916 649 743 546 604 297 617 801 747 235 164 316 264 738 0 858 357 472 362 830 562 4 690 741 382 655 473 913 500 7 90 128 788 703 561 435 143 598 526 177 95 88 109 759 400 307 553 583 772 68 254 790 254 698 905 207 871 619 133 344 344 548 
60 149 414 328 604 828 127 110 374 397 352 672 101 487 423 265 403 451 741 538 303 829 367 467 971 485 493 494 141 620 976 74 789 815 392 938 827 916 649 743 546 604 297 617 801 747 235 164 316 264 738 548 858 0 472 362 830 562 4 690 741 382 655 473 913 500 7 90 128 788 703 561 435 143 598 526 177 95 88 109 759 400 307 553 583 772 68 254 790 254 698 905 207 871 619 133 344 344 926 357 
149 414 328 604 828 127 110 374 397 352 672 101 487 423 265 403 451 741 538 303 829 367 467 971 485 493 494 141 620 976 74 789 815 392 938 827 916 649 743 546 604 297 617 801 747 235 164 316 264 738 548 858 357 472 0 830 562 4 690 741 382 655 473 913 500 7 90 128 788 703 561 435 143 598 526 177 95 88 109 759 400 307 553 583 772 68 254 790 254 698 905 207 871 619 133 344 344 926 60 362 
414 328 604 828 127 110 374 397 352 672 101 487 423 265 403 451 741 538 303 829 367 467 971 485 493 494 141 620 976 74 789 815 392 938 827 916 649 743 546 604 297 617 801 747 235 164 316 264 738 548 858 357 472 362 830 0 4 690 741 382 655 473 913 500 7 90 128 788 703 561 435 143 598 526 177 95 88 109 759 400 307 553 583 772 68 254 790 254 698 905 207 871 619 133 344 344 926 60 149 562 
328 604 828 127 110 374 397 352 672 101 487 423 265 403 451 741 538 303 829 367 467 971 485 493 494 141 620 976 74 789 815 392 938 827 916 649 743 546 604 297 617 801 747 235 164 316 264 738 548 858 357 472 362 830 562 4 0 741 382 655 473 913 500 7 90 128 788 703 561 435 143 598 526 177 95 88 109 759 400 307 553 583 772 68 254 790 254 698 905 207 871 619 133 344 344 926 60 149 414 690 
604 828 127 110 374 397 352 672 101 487 423 265 403 451 741 538 303 829 367 467 971 485 493 494 141 620 976 74 789 815 392 938 827 916 649 743 546 604 297 617 801 747 235 164 316 264 738 548 858 357 472 362 830 562 4 690 741 0 655 473 913 500 7 90 128 788 703 561 435 143 598 526 177 95 88 109 759 400 307 553 583 772 68 254 790 254 698 905 207 871 619 133 344 344 926 60 149 414 328 382 
828 127 110 374 397 352 672 101 487 423 265 403 451 741 538 303 829 367 467 971 485 493 494 141 620 976 74 789 815 392 938 827 916 649 743 546 604 297 617 801 747 235 164 316 264 738 548 858 357 472 362 830 562 4 690 741 382 655 0 913 500 7 90 128 788 703 561 435 143 598 526 177 95 88 109 759 400 307 553 583 772 68 254 790 254 698 905 207 871 619 133 344 344 926 60 149 414 328 604 473 
127 110 374 397 352 672 101 487 423 265 403 451 741 538 303 829 367 467 971 485 493 494 141 620 976 74 789 815 392 938 827 916 649 743 546 604 297 617 801 747 235 164 316 264 738 548 858 357 472 362 830 562 4 690 741 382 655 473 913 0 7 90 128 788 703 561 435 143 598 526 177 95 88 109 759 400 307 553 583 772 68 254 790 254 698 905 207 871 619 133 344 344 926 60 149 414 328 604 828 500 
110 374 397 352 672 101 487 423 265 403 451 741 538 303 829 367 467 971 485 493 494 141 620 976 74 789 815 392 938 827 916 649 743 546 604 297 617 801 747 235 164 316 264 738 548 858 357 472 362 830 562 4 690 741 382 655 473 913 500 7 0 128 788 703 561 435 143 598 526 177 95 88 109 759 400 307 553 583 772 68 254 790 254 698 905 207 871 619 133 344 344 926 60 149 414 328 604 828 127 90 
374 397 352 672 101 487 423 265 403 451 741 538 303 829 367 467 971 485 493 494 141 620 976 74 789 815 392 938 827 916 649 743 546 604 297 617 801 747 235 164 316 264 738 548 858 357 472 362 830 562 4 690 741 382 655 473 913 500 7 90 128 0 703 561 435 143 598 526 177 95 88 109 759 400 307 553 583 772 68 254 790 254 698 905 207 871 619 133 344 344 926 60 149 414 328 604 828 127 110 788 
397 352 672 101 487 423 265 403 451 741 538 303 829 367 467 971 485 493 494 141 620 976 74 789 815 392 938 827 916 649 743 546 604 297 617 801 747 235 164 316 264 738 548 858 357 472 362 830 562 4 690 741 382 655 473 913 500 7 90 128 788 703 0 435 143 598 526 177 95 88 109 759 400 307 553 583 772 68 254 790 254 698 905 207 871 619 133 344 344 926 60 149 414 328 604 828 127 110 374 561 
352 672 101 487 423 265 403 451 741 538 303 829 367 467 971 485 493 494 141 620 976 74 789 815 392 938 827 916 649 743 546 604 297 617 801 747 235 164 316 264 738 548 858 357 472 362 830 562 4 690 741 382 655 473 913 500 7 90 128 788 703 561 435 0 598 526 177 95 88 109 759 400 307 553 583 772 68 254 790 254 698 905 207 871 619 133 344 344 926 60 149 414 328 604 828 127 110 374 397 143 
672 101 487 423 265 403 451 741 538 303 829 367 467 971 485 493 494 141 620 976 74 789 815 392 938 827 916 649 743 546 604 297 617 801 747 235 164 316 264 738 548 858 357 472 362 830 562 4 690 741 382 655 473 913 500 7 90 128 788 703 561 435 143 598 0 177 95 88 109 759 400 307 553 583 772 68 254 790 254 698 905 207 871 619 133 344 344 926 60 149 414 328 604 828 127 110 374 397 352 526 
101 487 423 265 403 451 741 538 303 829 367 467 971 485 493 494 141 620 976 74 789 815 392 938 827 916 649 743 546 604 297 617 801 747 235 164 316 264 738 548 858 357 472 362 830 562 4 690 741 382 655 473 913 500 7 90 128 788 703 561 435 143 598 526 177 0 88 109 759 400 307 553 583 772 68 254 790 254 698 905 207 871 619 133 344 344 926 60 149 414 328 604 828 127 110 374 397 352 672 95 
487 423 265 403 451 741 538 303 829 367 467 971 485 493 494 141 620 976 74 789 815 392 938 827 916 649 743 546 604 297 617 801 747 235 164 316 264 738 548 858 357 472 362 830 562 4 690 741 382 655 473 913 500 7 90 128 788 703 561 435 143 598 526 177 95 88 0 759 400 307 553 583 772 68 254 790 254 698 905 207 871 619 133 344 344 926 60 149 414 328 604 828 127 110 374 397 352 672 101 109 
423 265 403 451 741 538 303 829 367 467 971 485 493 494 141 620 976 74 789 815 392 938 827 916 649 743 546 604 297 617 801 747 235 164 316 264 738 548 858 357 472 362 830 562 4 690 741 382 655 473 913 500 7 90 128 788 703 561 435 143 598 526 177 95 88 109 759 0 307 553 583 772 68 254 790 254 698 905 207 871 619 133 344 344 926 60 149 414 328 604 828 127 110 374 397 352 672 101 487 400 
265 403 451 741 538 303 829 367 467 971 485 493 494 141 620 976 74 789 815 392 938 827 916 649 743 546 604 297 617 801 747 235 164 316 264 738 548 858 357 472 362 830 562 4 690 741 382 655 473 913 500 7 90 128 788 703 561 435 143 598 526 177 95 88 109 759 400 307 0 583 772 68 254 790 254 698 905 207 871 619 133 344 344 926 60 149 414 328 604 828 127 110 374 397 352 672 101 487 423 553 
403 451 741 538 303 829 367 467 971 485 493 494 141 620 976 74 789 815 392 938 827 916 649 743 546 604 297 617 801 747 235 164 316 264 738 548 858 357 472 362 830 562 4 690 741 382 655 473 913 500 7 90 128 788 703 561 435 143 598 526 177 95 88 109 759 400 307 553 583 0 68 254 790 254 698 905 207 871 619 133 344 344 926 60 149 414 328 604 828 127 110 374 397 352 672 101 487 423 265 772 
451 741 538 303 829 367 467 971 485 493 494 141 620 976 74 789 815 392 938 827 916 649 743 546 604 297 617 801 747 235 164 316 264 738 548 858 357 472 362 830 562 4 690 741 382 655 473 913 500 7 90 128 788 703 561 435 143 598 526 177 95 88 109 759 400 307 553 583 772 68 0 790 254 698 905 207 871 619 133 344 344 926 60 149 414 328 604 828 127 110 374 397 352 672 101 487 423 265 403 254 
741 538 303 829 367 467 971 485 493 494 141 620 976 74 789 815 392 938 827 916 649 743 546 604 297 617 801 747 235 164 316 264 738 548 858 357 472 362 830 562 4 690 741 382 655 473 913 500 7 90 128 788 703 561 435 143 598 526 177 95 88 109 759 400 307 553 583 772 68 254 790 0 698 905 207 871 619 133 344 344 926 60 149 414 328 604 828 127 110 374 397 352 672 101 487 423 265 403 451 254 
538 303 829 367 467 971 485 493 494 141 620 976 74 789 815 392 938 827 916 649 743 546 604 297 617 801 747 235 164 316 264 738 548 858 357 472 362 830 562 4 690 741 382 655 473 913 500 7 90 128 788 703 561 435 143 598 526 177 95 88 109 759 400 307 553 583 772 68 254 790 254 698 0 207 871 619 133 344 344 926 60 149 414 328 604 828 127 110 374 397 352 672 101 487 423 265 403 451 741 905 
303 829 367 467 971 485 493 494 141 620 976 74 789 815 392 938 827 916 649 743 546 604 297 617 801 747 235 164 316 264 738 548 858 357 472 362 830 562 4 690 741 382 655 473 913 500 7 90 128 788 703 561 435 143 598 526 177 95 88 109 759 400 307 553 583 772 68 254 790 254 698 905 207 0 619 133 344 344 926 60 149 414 328 604 828 127 110 374 397 352 672 101 487 423 265 403 451 741 538 871 
829 367 467 971 485 493 494 141 620 976 74 789 815 392 938 827 916 649 743 546 604 297 617 801 747 235 164 316 264 738 548 858 357 472 362 830 562 4 690 741 382 655 473 913 500 7 90 128 788 703 561 435 143 598 526 177 95 88 109 759 400 307 553 583 772 68 254 790 254 698 905 207 871 619 0 344 344 926 60 149 414 328 604 828 127 110 374 397 352 672 101 487 423 265 403 451 741 538 303 133 
367 467 971 485 493 494 141 620 976 74 789 815 392 938 827 916 649 743 546 604 297 617 801 747 235 164 316 264 738 548 858 357 472 362 830 562 4 690 741 382 655 473 913 500 7 90 128 788 703 561 435 143 598 526 177 95 88 109 759 400 307 553 583 772 68 254 790 254 698 905 207 871 619 133 344 0 926 60 149 414 328 604 828 127 110 374 397 352 672 101 487 423 265 403 451 741 538 303 829 344 
467 971 485 493 494 141 620 976 74 789 815 392 938 827 916 649 743 546 604 297 617 801 747 235 164 316 264 738 548 858 357 472 362 830 562 4 690 741 382 655 473 913 500 7 90 128 788 703 561 435 143 598 526 177 95 88 109 759 400 307 553 583 772 68 254 790 254 698 905 207 871 619 133 344 344 926 0 149 414 328 604 828 127 110 374 397 352 672 101 487 423 265 403 451 741 538 303 829 367 60 
971 485 493 494 141 620 976 74 789 815 392 938 827 916 649 743 546 604 297 617 801 747 235 164 316 264 738 548 858 357 472 362 830 562 4 690 741 382 655 473 913 500 7 90 128 788 703 561 435 143 598 526 177 95 88 109 759 400 307 553 583 772 68 254 790 254 698 905 207 871 619 133 344 344 926 60 149 0 328 604 828 127 110 374 397 352 672 101 487 423 265 403 451 741 538 303 829 367 467 414 
485 493 494 141 620 976 74 789 815 392 938 827 916 649 743 546 604 297 617 801 747 235 164 316 264 738 548 858 357 472 362 830 562 4 690 741 382 655 473 913 500 7 90 128 788 703 561 435 143 598 526 177 95 88 109 759 400 307 553 583 772 68 254 790 254 698 905 207 871 619 133 344 344 926 60 149 414 328 0 828 127 110 374 397 352 672 101 487 423 265 403 451 741 538 303 829 367 467 971 604 
493 494 141 620 976 74 789 815 392 938 827 916 649 743 546 604 297 617 801 747 235 164 316 264 738 548 858 357 472 362 830 562 4 690 741 382 655 473 913 500 7 90 128 788 703 561 435 143 598 526 177 95 88 109 759 400 307 553 583 772 68 254 790 254 698 905 207 871 619 133 344 344 926 60 149 414 328 604 828 0 110 374 397 352 672 101 487 423 265 403 451 741 538 303 829 367 467 971 485 127 
494 141 620 976 74 789 815 392 938 827 916 649 743 546 604 297 617 801 747 235 164 316 264 738 548 858 357 472 362 830 562 4 690 741 382 655 473 913 500 7 90 128 788 703 561 435 143 598 526 177 95 88 109 759 400 307 553 583 772 68 254 790 254 698 905 207 871 619 133 344 344 926 60 149 414 328 604 828 127 110 0 397 352 672 101 487 423 265 403 451 741 538 303 829 367 467 971 485 493 374 
141 620 976 74 789 815 392 938 827 916 649 743 546 604 297 617 801 747 235 164 316 264 738 548 858 357 472 362 830 562 4 690 741 382 655 473 913 500 7 90 128 788 703 561 435 143 598 526 177 95 88 109 759 400 307 553 583 772 68 254 790 254 698 905 207 871 619 133 344 344 926 60 149 414 328 604 828 127 110 374 397 0 672 101 487 423 265 403 451 741 538 303 829 367 467 971 485 493 494 352 
620 976 74 789 815 392 938 827 916 649 743 546 604 297 617 801 747 235 164 316 264 738 548 858 357 472 362 830 562 4 690 741 382 655 473 913 500 7 90 128 788 703 561 435 143 598 526 177 95 88 109 759 400 307 553 583 772 68 254 790 254 698 905 207 871 619 133 344 344 926 60 149 414 328 604 828 127 110 374 397 352 672 0 487 423 265 403 451 741 538 303 829 367 467 971 485 493 494 141 101 
976 74 789 815 392 938 827 916 649 743 546 604 297 617 801 747 235 164 316 264 738 548 858 357 472 362 830 562 4 690 741 382 655 473 913 500 7 90 128 788 703 561 435 143 598 526 177 95 88 109 759 400 307 553 583 772 68 254 790 254 698 905 207 871 619 133 344 344 926 60 149 414 328 604 828 127 110 374 397 352 672 101 487 0 265 403 451 741 538 303 829 367 467 971 485 493 494 141 620 423 
74 789 815 392 938 827 916 649 743 546 604 297 617 801 747 235 164 316 264 738 548 858 357 472 362 830 562 4 690 741 382 655 473 913 500 7 90 128 788 703 561 435 143 598 526 177 95 88 109 759 400 307 553 583 772 68 254 790 254 698 905 207 871 619 133 344 344 926 60 149 414 328 604 828 127 110 374 397 352 672 101 487 423 265 0 451 741 538 303 829 367 467 971 485 493 494 141 620 976 403 
789 815 392 938 827 916 649 743 546 604 297 617 801 747 235 164 316 264 738 548 858 357 472 362 830 562 4 690 741 382 655 473 913 500 7 90 128 788 703 561 435 143 598 526 177 95 88 109 759 400 307 553 583 772 68 254 790 254 698 905 207 871 619 133 344 344 926 60 149 414 328 604 828 127 110 374 397 352 672 101 487 423 265 403 451 0 538 303 829 367 467 971 485 493 494 141 620 976 74 741 
815 392 938 827 916 649 743 546 604 297 617 801 747 235 164 316 264 738 548 858 357 472 362 830 562 4 690 741 382 655 473 913 500 7 90 128 788 703 561 435 143 598 526 177 95 88 109 759 400 307 553 583 772 68 254 790 254 698 905 207 871 619 133 344 344 926 60 149 414 328 604 828 127 110 374 397 352 672 101 487 423 265 403 451 741 538 0 829 367 467 971 485 493 494 141 620 976 74 789 303 
392 938 827 916 649 743 546 604 297 617 801 747 235 164 316 264 738 548 858 357 472 362 830 562 4 690 741 382 655 473 913 500 7 90 128 788 703 561 435 143 598 526 177 95 88 109 759 400 307 553 583 772 68 254 790 254 698 905 207 871 619 133 344 344 926 60 149 414 328 604 828 127 110 374 397 352 672 101 487 423 265 403 451 741 538 303 829 0 467 971 485 493 494 141 620 976 74 789 815 367 
938 827 916 649 743 546 604 297 617 801 747 235 164 316 264 738 548 858 357 472 362 830 562 4 690 741 382 655 473 913 500 7 90 128 788 703 561 435 143 598 526 177 95 88 109 759 400 307 553 583 772 68 254 790 254 698 905 207 871 619 133 344 344 926 60 149 414 328 604 828 127 110 374 397 352 672 101 487 423 265 403 451 741 538 303 829 367 467 0 485 493 494 141 620 976 74 789 815 392 971 
827 916 649 743 546 604 297 617 801 747 235 164 316 264 738 548 858 357 472 362 830 562 4 690 741 382 655 473 913 500 7 90 128 788 703 561 435 143 598 526 177 95 88 109 759 400 307 553 583 772 68 254 790 254 698 905 207 871 619 133 344 344 926 60 149 414 328 604 828 127 110 374 397 352 672 101 487 423 265 403 451 741 538 303 829 367 467 971 485 0 494 141 620 976 74 789 815 392 938 493 
916 649 743 546 604 297 617 801 747 235 164 316 264 738 548 858 357 472 362 830 562 4 690 741 382 655 473 913 500 7 90 128 788 703 561 435 143 598 526 177 95 88 109 759 400 307 553 583 772 68 254 790 254 698 905 207 871 619 133 344 344 926 60 149 414 328 604 828 127 110 374 397 352 672 101 487 423 265 403 451 741 538 303 829 367 467 971 485 493 494 0 620 976 74 789 815 392 938 827 141 
649 743 546 604 297 617 801 747 235 164 316 264 738 548 858 357 472 362 830 562 4 690 741 382 655 473 913 500 7 90 128 788 703 561 435 143 598 526 177 95 88 109 759 400 307 553 583 772 68 254 790 254 698 905 207 871 619 133 344 344 926 60 149 414 328 604 828 127 110 374 397 352 672 101 487 423 265 403 451 741 538 303 829 367 467 971 485 493 494 141 620 0 74 789 815 392 938 827 916 976 
743 546 604 297 617 801 747 235 164 316 264 738 548 858 357 472 362 830 562 4 690 741 382 655 473 913 500 7 90 128 788 703 561 435 143 598 526 177 95 88 109 759 400 307 553 583 772 68 254 790 254 698 905 207 871 619 133 344 344 926 60 149 414 328 604 828 127 110 374 397 352 672 101 487 423 265 403 451 741 538 303 829 367 467 971 485 493 494 141 620 976 74 0 815 392 938 827 916 649 789 
546 604 297 617 801 747 235 164 316 264 738 548 858 357 472 362 830 562 4 690 741 382 655 473 913 500 7 90 128 788 703 561 435 143 598 526 177 95 88 109 759 400 307 553 583 772 68 254 790 254 698 905 207 871 619 133 344 344 926 60 149 414 328 604 828 127 110 374 397 352 672 101 487 423 265 403 451 741 538 303 829 367 467 971 485 493 494 141 620 976 74 789 815 0 938 827 916 649 743 392 
604 297 617 801 747 235 164 316 264 738 548 858 357 472 362 830 562 4 690 741 382 655 473 913 500 7 90 128 788 703 561 435 143 598 526 177 95 88 109 759 400 307 553 583 772 68 254 790 254 698 905 207 871 619 133 344 344 926 60 149 414 328 604 828 127 110 374 397 352 672 101 487 423 265 403 451 741 538 303 829 367 467 971 485 493 494 141 620 976 74 789 815 392 938 0 916 649 743 546 827 
297 617 801 747 235 164 316 264 738 548 858 357 472 362 830 562 4 690 741 382 655 473 913 500 7 90 128 788 703 561 435 143 598 526 177 95 88 109 759 400 307 553 583 772 68 254 790 254 698 905 207 871 619 133 344 344 926 60 149 414 328 604 828 127 110 374 397 352 672 101 487 423 265 403 451 741 538 303 829 367 467 971 485 493 494 141 620 976 74 789 815 392 938 827 916 0 743 546 604 649 
617 801 747 235 164 316 264 738 548 858 357 472 362 830 562 4 690 741 382 655 473 913 500 7 90 128 788 703 561 435 143 598 526 177 95 88 109 759 400 307 553 583 772 68 254 790 254 698 905 207 871 619 133 344 344 926 60 149 414 328 604 828 127 110 374 397 352 672 101 487 423 265 403 451 741 538 303 829 367 467 971 485 493 494 141 620 976 74 789 815 392 938 827 916 649 743 0 604 297 546 
801 747 235 164 316 264 738 548 858 357 472 362 830 562 4 690 741 382 655 473 913 500 7 90 128 788 703 561 435 143 598 526 177 95 88 109 759 400 307 553 583 772 68 254 790 254 698 905 207 871 619 133 344 344 926 60 149 414 328 604 828 127 110 374 397 352 672 101 487 423 265 403 451 741 538 303 829 367 467 971 485 493 494 141 620 976 74 789 815 392 938 827 916 649 743 546 604 0 617 297 
747 235 164 316 264 738 548 858 357 472 362 830 562 4 690 741 382 655 473 913 500 7 90 128 788 703 561 435 143 598 526 177 95 88 109 759 400 307 553 583 772 68 254 790 254 698 905 207 871 619 133 344 344 926 60 149 414 328 604 828 127 110 374 397 352 672 101 487 423 265 403 451 741 538 303 829 367 467 971 485 493 494 141 620 976 74 789 815 392 938 827 916 649 743 546 604 297 617 0 801 
235 316 738 858 472 830 4 741 655 913 7 128 703 435 598 177 88 759 307 583 68 790 698 207 619 344 926 149 328 828 110 397 672 487 265 451 538 829 467 485 494 620 74 815 938 916 743 604 617 747 164 264 548 357 362 562 690 382 473 500 90 788 561 143 526 95 109 400 553 772 254 254 905 871 133 344 60 414 604 127 374 352 101 423 403 741 303 367 971 493 141 976 789 392 827 649 546 297 801 0 
