0 302 779 980 674 912 244 615 223 448 345 219 10 50 759 824 798 431 820 283 470 933 727 927 225 629 60 565 480 898 13 660 109 808 445 487 507 344 946 963 865 970 264 947 220 240 973 903 101 780 961 445 870 422 323 860 59 929 341 603 781 512 97 931 217 977 83 8 470 953 833 510 347 30 614 616 834 785 213 987 301 220 98 294 318 177 103 171 839 234 599 14 565 952 606 756 166 569 380 967 
302 0 980 674 912 244 615 223 448 345 219 10 50 759 824 798 431 820 283 470 933 727 927 225 629 60 565 480 898 13 660 109 808 445 487 507 344 946 963 865 970 264 947 220 240 973 903 101 780 961 445 870 422 323 860 59 929 341 603 781 512 97 931 217 977 83 8 470 953 833 510 347 30 614 616 834 785 213 987 301 220 98 294 318 177 103 171 839 234 599 14 565 952 606 756 166 569 380 967 779 
779 980 0 912 244 615 223 448 345 219 10 50 759 824 798 431 820 283 470 933 727 927 225 629 60 565 480 898 13 660 109 808 445 487 507 344 946 963 865 970 264 947 220 240 973 903 101 780 961 445 870 422 323 860 59 929 341 603 781 512 97 931 217 977 83 8 470 953 833 510 347 30 614 616 834 785 213 987 301 220 98 294 318 177 103 171 839 234 599 14 565 952 606 756 166 569 380 967 302 674 
980 674 912 0 615 223 448 345 219 10 50 759 824 798 431 820 283 470 933 727 927 225 629 60 565 480 898 13 660 109 808 445 487 507 344 946 963 865 970 264 947 220 240 973 903 101 780 961 445 870 422 323 860 59 929 341 603 781 512 97 931 217 977 83 8 470 953 833 510 347 30 614 616 834 785 213 987 301 220 98 294 318 177 103 171 839 234 599 14 565 952 606 756 166 569 380 967 302 779 244 
674 912 244 615 0 448 345 219 10 50 759 824 798 431 820 283 470 933 727 927 225 629 60 565 480 898 13 660 109 808 445 487 507 344 946 963 865 970 264 947 220 240 973 903 101 780 961 445 870 422 323 860 59 929 341 603 781 512 97 931 217 977 83 8 470 953 833 510 347 30 614 616 834 785 213 987 301 220 98 294 318 177 103 171 839 234 599 14 565 952 606 756 166 569 380 967 302 779 980 223 
912 244 615 223 448 0 219 10 50 759 824 798 431 820 283 470 933 727 927 225 629 60 565 480 898 13 660 109 808 445 487 507 344 946 963 865 970 264 947 220 240 973 903 101 780 961 445 870 422 323 860 59 929 341 603 781 512 97 931 217 977 83 8 470 953 833 510 347 30 614 616 834 785 213 987 301 220 98 294 318 177 103 171 839 234 599 14 565 952 606 756 166 569 380 967 302 779 980 674 345 
244 615 223 448 345 219 0 50 759 824 798 431 820 283 470 933 727 927 225 629 60 565 480 898 13 660 109 808 445 487 507 344 946 963 865 970 264 947 220 240 973 903 101 780 961 445 870 422 323 860 59 929 341 603 781 512 97 931 217 977 83 8 470 953 833 510 347 30 614 616 834 785 213 987 301 220 98 294 318 177 103 171 839 234 599 14 565 952 606 756 166 569 380 967 302 779 980 674 912 10 
615 223 448 345 219 10 50 0 824 798 431 820 283 470 933 727 927 225 629 60 565 480 898 13 660 109 808 445 487 507 344 946 963 865 970 264 947 220 240 973 903 101 780 961 445 870 422 323 860 59 929 341 603 781 512 97 931 217 977 83 8 470 953 833 510 347 30 614 616 834 785 213 987 301 220 98 294 318 177 103 171 839 234 599 14 565 952 606 756 166 569 380 967 302 779 980 674 912 244 759 
223 448 345 219 10 50 759 824 0 431 820 283 470 933 727 927 225 629 60 565 480 898 13 660 109 808 445 487 507 344 946 963 865 970 264 947 220 240 973 903 101 780 961 445 870 422 323 860 59 929 341 603 781 512 97 931 217 977 83 8 470 953 833 510 347 30 614 616 834 785 213 987 301 220 98 294 318 177 103 171 839 234 599 14 565 952 606 756 166 569 380 967 302 779 980 674 912 244 615 798 
448 345 219 10 50 759 824 798 431 0 283 470 933 727 927 225 629 60 565 480 898 13 660 109 808 445 487 507 344 946 963 865 970 264 947 220 240 973 903 101 780 961 445 870 422 323 860 59 929 341 603 781 512 97 931 217 977 83 8 470 953 833 510 347 30 614 616 834 785 213 987 301 220 98 294 318 177 103 171 839 234 599 14 565 952 606 756 166 569 380 967 302 779 980 674 912 244 615 223 820 
345 219 10 50 759 824 798 431 820 283 0 933 727 927 225 629 60 565 480 898 13 660 109 808 445 487 507 344 946 963 865 970 264 947 220 240 973 903 101 780 961 445 870 422 323 860 59 929 341 603 781 512 97 931 217 977 83 8 470 953 833 510 347 30 614 616 834 785 213 987 301 220 98 294 318 177 103 171 839 234 599 14 565 952 606 756 166 569 380 967 302 779 980 674 912 244 615 223 448 470 
219 10 50 759 824 798 431 820 283 470 933 0 927 225 629 60 565 480 898 13 660 109 808 445 487 507 344 946 963 865 970 264 947 220 240 973 903 101 780 961 445 870 422 323 860 59 929 341 603 781 512 97 931 217 977 83 8 470 953 833 510 347 30 614 616 834 785 213 987 301 220 98 294 318 177 103 171 839 234 599 14 565 952 606 756 166 569 380 967 302 779 980 674 912 244 615 223 448 345 727 
10 50 759 824 798 431 820 283 470 933 727 927 0 629 60 565 480 898 13 660 109 808 445 487 507 344 946 963 865 970 264 947 220 240 973 903 101 780 961 445 870 422 323 860 59 929 341 603 781 512 97 931 217 977 83 8 470 953 833 510 347 30 614 616 834 785 213 987 301 220 98 294 318 177 103 171 839 234 599 14 565 952 606 756 166 569 380 967 302 779 980 674 912 244 615 223 448 345 219 225 
50 759 824 798 431 820 283 470 933 727 927 225 629 0 565 480 898 13 660 109 808 445 487 507 344 946 963 865 970 264 947 220 240 973 903 101 780 961 445 870 422 323 860 59 929 341 603 781 512 97 931 217 977 83 8 470 953 833 510 347 30 614 616 834 785 213 987 301 220 98 294 318 177 103 171 839 234 599 14 565 952 606 756 166 569 380 967 302 779 980 674 912 244 615 223 448 345 219 10 60 
759 824 798 431 820 283 470 933 727 927 225 629 60 565 0 898 13 660 109 808 445 487 507 344 946 963 865 970 264 947 220 240 973 903 101 780 961 445 870 422 323 860 59 929 341 603 781 512 97 931 217 977 83 8 470 953 833 510 347 30 614 616 834 785 213 987 301 220 98 294 318 177 103 171 839 234 599 14 565 952 606 756 166 569 380 967 302 779 980 674 912 244 615 223 448 345 219 10 50 480 
824 798 431 820 283 470 933 727 927 225 629 60 565 480 898 0 660 109 808 445 487 507 344 946 963 865 970 264 947 220 240 973 903 101 780 961 445 870 422 323 860 59 929 341 603 781 512 97 931 217 977 83 8 470 953 833 510 347 30 614 616 834 785 213 987 301 220 98 294 318 177 103 171 839 234 599 14 565 952 606 756 166 569 380 967 302 779 980 674 912 244 615 223 448 345 219 10 50 759 13 
798 431 820 283 470 933 727 927 225 629 60 565 480 898 13 660 0 808 445 487 507 344 946 963 865 970 264 947 220 240 973 903 101 780 961 445 870 422 323 860 59 929 341 603 781 512 97 931 217 977 83 8 470 953 833 510 347 30 614 616 834 785 213 987 301 220 98 294 318 177 103 171 839 234 599 14 565 952 606 756 166 569 380 967 302 779 980 674 912 244 615 223 448 345 219 10 50 759 824 109 
431 820 283 470 933 727 927 225 629 60 565 480 898 13 660 109 808 0 487 507 344 946 963 865 970 264 947 220 240 973 903 101 780 961 445 870 422 323 860 59 929 341 603 781 512 97 931 217 977 83 8 470 953 833 510 347 30 614 616 834 785 213 987 301 220 98 294 318 177 103 171 839 234 599 14 565 952 606 756 166 569 380 967 302 779 980 674 912 244 615 223 448 345 219 10 50 759 824 798 445 
820 283 470 933 727 927 225 629 60 565 480 898 13 660 109 808 445 487 0 344 946 963 865 970 264 947 220 240 973 903 101 780 961 445 870 422 323 860 59 929 341 603 781 512 97 931 217 977 83 8 470 953 833 510 347 30 614 616 834 785 213 987 301 220 98 294 318 177 103 171 839 234 599 14 565 952 606 756 166 569 380 967 302 779 980 674 912 244 615 223 448 345 219 10 50 759 824 798 431 507 
283 470 933 727 927 225 629 60 565 480 898 13 660 109 808 445 487 507 344 0 963 865 970 264 947 220 240 973 903 101 780 961 445 870 422 323 860 59 929 341 603 781 512 97 931 217 977 83 8 470 953 833 510 347 30 614 616 834 785 213 987 301 220 98 294 318 177 103 171 839 234 599 14 565 952 606 756 166 569 380 967 302 779 980 674 912 244 615 223 448 345 219 10 50 759 824 798 431 820 946 
470 933 727 927 225 629 60 565 480 898 13 660 109 808 445 487 507 344 946 963 0 970 264 947 220 240 973 903 101 780 961 445 870 422 323 860 59 929 341 603 781 512 97 931 217 977 83 8 470 953 833 510 347 30 614 616 834 785 213 987 301 220 98 294 318 177 103 171 839 234 599 14 565 952 606 756 166 569 380 967 302 779 980 674 912 244 615 223 448 345 219 10 50 759 824 798 431 820 283 865 
933 727 927 225 629 60 565 480 898 13 660 109 808 445 487 507 344 946 963 865 970 0 947 220 240 973 903 101 780 961 445 870 422 323 860 59 929 341 603 781 512 97 931 217 977 83 8 470 953 833 510 347 30 614 616 834 785 213 987 301 220 98 294 318 177 103 171 839 234 599 14 565 952 606 756 166 569 380 967 302 779 980 674 912 244 615 223 448 345 219 10 50 759 824 798 431 820 283 470 264 
727 927 225 629 60 565 480 898 13 660 109 808 445 487 507 344 946 963 865 970 264 947 0 240 973 903 101 780 961 445 870 422 323 860 59 929 341 603 781 512 97 931 217 977 83 8 470 953 833 510 347 30 614 616 834 785 213 987 301 220 98 294 318 177 103 171 839 234 599 14 565 952 606 756 166 569 380 967 302 779 980 674 912 244 615 223 448 345 219 10 50 759 824 798 431 820 283 470 933 220 
927 225 629 60 565 480 898 13 660 109 808 445 487 507 344 946 963 865 970 264 947 220 240 0 903 101 780 961 445 870 422 323 860 59 929 341 603 781 512 97 931 217 977 83 8 470 953 833 510 347 30 614 616 834 785 213 987 301 220 98 294 318 177 103 171 839 234 599 14 565 952 606 756 166 569 380 967 302 779 980 674 912 244 615 223 448 345 219 10 50 759 824 798 431 820 283 470 933 727 973 
225 629 60 565 480 898 13 660 109 808 445 487 507 344 946 963 865 970 264 947 220 240 973 903 0 780 961 445 870 422 323 860 59 929 341 603 781 512 97 931 217 977 83 8 470 953 833 510 347 30 614 616 834 785 213 987 301 220 98 294 318 177 103 171 839 234 599 14 565 952 606 756 166 569 380 967 302 779 980 674 912 244 615 223 448 345 219 10 50 759 824 798 431 820 283 470 933 727 927 101 
629 60 565 480 898 13 660 109 808 445 487 507 344 946 963 865 970 264 947 220 240 973 903 101 780 0 445 870 422 323 860 59 929 341 603 781 512 97 931 217 977 83 8 470 953 833 510 347 30 614 616 834 785 213 987 301 220 98 294 318 177 103 171 839 234 599 14 565 952 606 756 166 569 380 967 302 779 980 674 912 244 615 223 448 345 219 10 50 759 824 798 431 820 283 470 933 727 927 225 961 
60 565 480 898 13 660 109 808 445 487 507 344 946 963 865 970 264 947 220 240 973 903 101 780 961 445 0 422 323 860 59 929 341 603 781 512 97 931 217 977 83 8 470 953 833 510 347 30 614 616 834 785 213 987 301 220 98 294 318 177 103 171 839 234 599 14 565 952 606 756 166 569 380 967 302 779 980 674 912 244 615 223 448 345 219 10 50 759 824 798 431 820 283 470 933 727 927 225 629 870 
565 480 898 13 660 109 808 445 487 507 344 946 963 865 970 264 947 220 240 973 903 101 780 961 445 870 422 0 860 59 929 341 603 781 512 97 931 217 977 83 8 470 953 833 510 347 30 614 616 834 785 213 987 301 220 98 294 318 177 103 171 839 234 599 14 565 952 606 756 166 569 380 967 302 779 980 674 912 244 615 223 448 345 219 10 50 759 824 798 431 820 283 470 933 727 927 225 629 60 323 
480 898 13 660 109 808 445 487 507 344 946 963 865 970 264 947 220 240 973 903 101 780 961 445 870 422 323 860 0 929 341 603 781 512 97 931 217 977 83 8 470 953 833 510 347 30 614 616 834 785 213 987 301 220 98 294 318 177 103 171 839 234 599 14 565 952 606 756 166 569 380 967 302 779 980 674 912 244 615 223 448 345 219 10 50 759 824 798 431 820 283 470 933 727 927 225 629 60 565 59 
898 13 660 109 808 445 487 507 344 946 963 865 970 264 947 220 240 973 903 101 780 961 445 870 422 323 860 59 929 0 603 781 512 97 931 217 977 83 8 470 953 833 510 347 30 614 616 834 785 213 987 301 220 98 294 318 177 103 171 839 234 599 14 565 952 606 756 166 569 380 967 302 779 980 674 912 244 615 223 448 345 219 10 50 759 824 798 431 820 283 470 933 727 927 225 629 60 565 480 341 
13 660 109 808 445 487 507 344 946 963 865 970 264 947 220 240 973 903 101 780 961 445 870 422 323 860 59 929 341 603 0 512 97 931 217 977 83 8 470 953 833 510 347 30 614 616 834 785 213 987 301 220 98 294 318 177 103 171 839 234 599 14 565 952 606 756 166 569 380 967 302 779 980 674 912 244 615 223 448 345 219 10 50 759 824 798 431 820 283 470 933 727 927 225 629 60 565 480 898 781 
660 109 808 445 487 507 344 946 963 865 970 264 947 220 240 973 903 101 780 961 445 870 422 323 860 59 929 341 603 781 512 0 931 217 977 83 8 470 953 833 510 347 30 614 616 834 785 213 987 301 220 98 294 318 177 103 171 839 234 599 14 565 952 606 756 166 569 380 967 302 779 980 674 912 244 615 223 448 345 219 10 50 759 824 798 431 820 283 470 933 727 927 225 629 60 565 480 898 13 97 
109 808 445 487 507 344 946 963 865 970 264 947 220 240 973 903 101 780 961 445 870 422 323 860 59 929 341 603 781 512 97 931 0 977 83 8 470 953 833 510 347 30 614 616 834 785 213 987 301 220 98 294 318 177 103 171 839 234 599 14 565 952 606 756 166 569 380 967 302 779 980 674 912 244 615 223 448 345 219 10 50 759 824 798 431 820 283 470 933 727 927 225 629 60 565 480 898 13 660 217 
808 445 487 507 344 946 963 865 970 264 947 220 240 973 903 101 780 961 445 870 422 323 860 59 929 341 603 781 512 97 931 217 977 0 8 470 953 833 510 347 30 614 616 834 785 213 987 301 220 98 294 318 177 103 171 839 234 599 14 565 952 606 756 166 569 380 967 302 779 980 674 912 244 615 223 448 345 219 10 50 759 824 798 431 820 283 470 933 727 927 225 629 60 565 480 898 13 660 109 83 
445 487 507 344 946 963 865 970 264 947 220 240 973 903 101 780 961 445 870 422 323 860 59 929 341 603 781 512 97 931 217 977 83 8 0 953 833 510 347 30 614 616 834 785 213 987 301 220 98 294 318 177 103 171 839 234 599 14 565 952 606 756 166 569 380 967 302 779 980 674 912 244 615 223 448 345 219 10 50 759 824 798 431 820 283 470 933 727 927 225 629 60 565 480 898 13 660 109 808 470 
487 507 344 946 963 865 970 264 947 220 240 973 903 101 780 961 445 870 422 323 860 59 929 341 603 781 512 97 931 217 977 83 8 470 953 0 510 347 30 614 616 834 785 213 987 301 220 98 294 318 177 103 171 839 234 599 14 565 952 606 756 166 569 380 967 302 779 980 674 912 244 615 223 448 345 219 10 50 759 824 798 431 820 283 470 933 727 927 225 629 60 565 480 898 13 660 109 808 445 833 
507 344 946 963 865 970 264 947 220 240 973 903 101 780 961 445 870 422 323 860 59 929 341 603 781 512 97 931 217 977 83 8 470 953 833 510 0 30 614 616 834 785 213 987 301 220 98 294 318 177 103 171 839 234 599 14 565 952 606 756 166 569 380 967 302 779 980 674 912 244 615 223 448 345 219 10 50 759 824 798 431 820 283 470 933 727 927 225 629 60 565 480 898 13 660 109 808 445 487 347 
344 946 963 865 970 264 947 220 240 973 903 101 780 961 445 870 422 323 860 59 929 341 603 781 512 97 931 217 977 83 8 470 953 833 510 347 30 0 616 834 785 213 987 301 220 98 294 318 177 103 171 839 234 599 14 565 952 606 756 166 569 380 967 302 779 980 674 912 244 615 223 448 345 219 10 50 759 824 798 431 820 283 470 933 727 927 225 629 60 565 480 898 13 660 109 808 445 487 507 614 
946 963 865 970 264 947 220 240 973 903 101 780 961 445 870 422 323 860 59 929 341 603 781 512 97 931 217 977 83 8 470 953 833 510 347 30 614 616 0 785 213 987 301 220 98 294 318 177 103 171 839 234 599 14 565 952 606 756 166 569 380 967 302 779 980 674 912 244 615 223 448 345 219 10 50 759 824 798 431 820 283 470 933 727 927 225 629 60 565 480 898 13 660 109 808 445 487 507 344 834 
963 865 970 264 947 220 240 973 903 101 780 961 445 870 422 323 860 59 929 341 603 781 512 97 931 217 977 83 8 470 953 833 510 347 30 614 616 834 785 0 987 301 220 98 294 318 177 103 171 839 234 599 14 565 952 606 756 166 569 380 967 302 779 980 674 912 244 615 223 448 345 219 10 50 759 824 798 431 820 283 470 933 727 927 225 629 60 565 480 898 13 660 109 808 445 487 507 344 946 213 
865 970 264 947 220 240 973 903 101 780 961 445 870 422 323 860 59 929 341 603 781 512 97 931 217 977 83 8 470 953 833 510 347 30 614 616 834 785 213 987 0 220 98 294 318 177 103 171 839 234 599 14 565 952 606 756 166 569 380 967 302 779 980 674 912 244 615 223 448 345 219 10 50 759 824 798 431 820 283 470 933 727 927 225 629 60 565 480 898 13 660 109 808 445 487 507 344 946 963 301 
970 264 947 220 240 973 903 101 780 961 445 870 422 323 860 59 929 341 603 781 512 97 931 217 977 83 8 470 953 833 510 347 30 614 616 834 785 213 987 301 220 0 294 318 177 103 171 839 234 599 14 565 952 606 756 166 569 380 967 302 779 980 674 912 244 615 223 448 345 219 10 50 759 824 798 431 820 283 470 933 727 927 225 629 60 565 480 898 13 660 109 808 445 487 507 344 946 963 865 98 
264 947 220 240 973 903 101 780 961 445 870 422 323 860 59 929 341 603 781 512 97 931 217 977 83 8 470 953 833 510 347 30 614 616 834 785 213 987 301 220 98 294 0 177 103 171 839 234 599 14 565 952 606 756 166 569 380 967 302 779 980 674 912 244 615 223 448 345 219 10 50 759 824 798 431 820 283 470 933 727 927 225 629 60 565 480 898 13 660 109 808 445 487 507 344 946 963 865 970 318 
947 220 240 973 903 101 780 961 445 870 422 323 860 59 929 341 603 781 512 97 931 217 977 83 8 470 953 833 510 347 30 614 616 834 785 213 987 301 220 98 294 318 177 0 171 839 234 599 14 565 952 606 756 166 569 380 967 302 779 980 674 912 244 615 223 448 345 219 10 50 759 824 798 431 820 283 470 933 727 927 225 629 60 565 480 898 13 660 109 808 445 487 507 344 946 963 865 970 264 103 
220 240 973 903 101 780 961 445 870 422 323 860 59 929 341 603 781 512 97 931 217 977 83 8 470 953 833 510 347 30 614 616 834 785 213 987 301 220 98 294 318 177 103 171 0 234 599 14 565 952 606 756 166 569 380 967 302 779 980 674 912 244 615 223 448 345 219 10 50 759 824 798 431 820 283 470 933 727 927 225 629 60 565 480 898 13 660 109 808 445 487 507 344 946 963 865 970 264 947 839 
240 973 903 101 780 961 445 870 422 323 860 59 929 341 603 781 512 97 931 217 977 83 8 470 953 833 510 347 30 614 616 834 785 213 987 301 220 98 294 318 177 103 171 839 234 0 14 565 952 606 756 166 569 380 967 302 779 980 674 912 244 615 223 448 345 219 10 50 759 824 798 431 820 283 470 933 727 927 225 629 60 565 480 898 13 660 109 808 445 487 507 344 946 963 865 970 264 947 220 599 
973 903 101 780 961 445 870 422 323 860 59 929 341 603 781 512 97 931 217 977 83 8 470 953 833 510 347 30 614 616 834 785 213 987 301 220 98 294 318 177 103 171 839 234 599 14 0 952 606 756 166 569 380 967 302 779 980 674 912 244 615 223 448 345 219 10 50 759 824 798 431 820 283 470 933 727 927 225 629 60 565 480 898 13 660 109 808 445 487 507 344 946 963 865 970 264 947 220 240 565 
903 101 780 961 445 870 422 323 860 59 929 341 603 781 512 97 931 217 977 83 8 470 953 833 510 347 30 614 616 834 785 213 987 301 220 98 294 318 177 103 171 839 234 599 14 565 952 0 756 166 569 380 967 302 779 980 674 912 244 615 223 448 345 219 10 50 759 824 798 431 820 283 470 933 727 927 225 629 60 565 480 898 13 660 109 808 445 487 507 344 946 963 865 970 264 947 220 240 973 606 
101 780 961 445 870 422 323 860 59 929 341 603 781 512 97 931 217 977 83 8 470 953 833 510 347 30 614 616 834 785 213 987 301 220 98 294 318 177 103 171 839 234 599 14 565 952 606 756 0 569 380 967 302 779 980 674 912 244 615 223 448 345 219 10 50 759 824 798 431 820 283 470 933 727 927 225 629 60 565 480 898 13 660 109 808 445 487 507 344 946 963 865 970 264 947 220 240 973 903 166 
780 961 445 870 422 323 860 59 929 341 603 781 512 97 931 217 977 83 8 470 953 833 510 347 30 614 616 834 785 213 987 301 220 98 294 318 177 103 171 839 234 599 14 565 952 606 756 166 569 0 967 302 779 980 674 912 244 615 223 448 345 219 10 50 759 824 798 431 820 283 470 933 727 927 225 629 60 565 480 898 13 660 109 808 445 487 507 344 946 963 865 970 264 947 220 240 973 903 101 380 
961 445 870 422 323 860 59 929 341 603 781 512 97 931 217 977 83 8 470 953 833 510 347 30 614 616 834 785 213 987 301 220 98 294 318 177 103 171 839 234 599 14 565 952 606 756 166 569 380 967 0 779 980 674 912 244 615 223 448 345 219 10 50 759 824 798 431 820 283 470 933 727 927 225 629 60 565 480 898 13 660 109 808 445 487 507 344 946 963 865 970 264 947 220 240 973 903 101 780 302 
445 870 422 323 860 59 929 341 603 781 512 97 931 217 977 83 8 470 953 833 510 347 30 614 616 834 785 213 987 301 220 98 294 318 177 103 171 839 234 599 14 565 952 606 756 166 569 380 967 302 779 0 674 912 244 615 223 448 345 219 10 50 759 824 798 431 820 283 470 933 727 927 225 629 60 565 480 898 13 660 109 808 445 487 507 344 946 963 865 970 264 947 220 240 973 903 101 780 961 980 
870 422 323 860 59 929 341 603 781 512 97 931 217 977 83 8 470 953 833 510 347 30 614 616 834 785 213 987 301 220 98 294 318 177 103 171 839 234 599 14 565 952 606 756 166 569 380 967 302 779 980 674 0 244 615 223 448 345 219 10 50 759 824 798 431 820 283 470 933 727 927 225 629 60 565 480 898 13 660 109 808 445 487 507 344 946 963 865 970 264 947 220 240 973 903 101 780 961 445 912 
422 323 860 59 929 341 603 781 512 97 931 217 977 83 8 470 953 833 510 347 30 614 616 834 785 213 987 301 220 98 294 318 177 103 171 839 234 599 14 565 952 606 756 166 569 380 967 302 779 980 674 912 244 0 223 448 345 219 10 50 759 824 798 431 820 283 470 933 727 927 225 629 60 565 480 898 13 660 109 808 445 487 507 344 946 963 865 970 264 947 220 240 973 903 101 780 961 445 870 615 
323 860 59 929 341 603 781 512 97 931 217 977 83 8 470 953 833 510 347 30 614 616 834 785 213 987 301 220 98 294 318 177 103 171 839 234 599 14 565 952 606 756 166 569 380 967 302 779 980 674 912 244 615 223 0 345 219 10 50 759 824 798 431 820 283 470 933 727 927 225 629 60 565 480 898 13 660 109 808 445 487 507 344 946 963 865 970 264 947 220 240 973 903 101 780 961 445 870 422 448 
860 59 929 341 603 781 512 97 931 217 977 83 8 470 953 833 510 347 30 614 616 834 785 213 987 301 220 98 294 318 177 103 171 839 234 599 14 565 952 606 756 166 569 380 967 302 779 980 674 912 244 615 223 448 345 0 10 50 759 824 798 431 820 283 470 933 727 927 225 629 60 565 480 898 13 660 109 808 445 487 507 344 946 963 865 970 264 947 220 240 973 903 101 780 961 445 870 422 323 219 
59 929 341 603 781 512 97 931 217 977 83 8 470 953 833 510 347 30 614 616 834 785 213 987 301 220 98 294 318 177 103 171 839 234 599 14 565 952 606 756 166 569 380 967 302 779 980 674 912 244 615 223 448 345 219 10 0 759 824 798 431 820 283 470 933 727 927 225 629 60 565 480 898 13 660 109 808 445 487 507 344 946 963 865 970 264 947 220 240 973 903 101 780 961 445 870 422 323 860 50 
929 341 603 781 512 97 931 217 977 83 8 470 953 833 510 347 30 614 616 834 785 213 987 301 220 98 294 318 177 103 171 839 234 599 14 565 952 606 756 166 569 380 967 302 779 980 674 912 244 615 223 448 345 219 10 50 759 0 798 431 820 283 470 933 727 927 225 629 60 565 480 898 13 660 109 808 445 487 507 344 946 963 865 970 264 947 220 240 973 903 101 780 961 445 870 422 323 860 59 824 
341 603 781 512 97 931 217 977 83 8 470 953 833 510 347 30 614 616 834 785 213 987 301 220 98 294 318 177 103 171 839 234 599 14 565 952 606 756 166 569 380 967 302 779 980 674 912 244 615 223 448 345 219 10 50 759 824 798 0 820 283 470 933 727 927 225 629 60 565 480 898 13 660 109 808 445 487 507 344 946 963 865 970 264 947 220 240 973 903 101 780 961 445 870 422 323 860 59 929 431 
603 781 512 97 931 217 977 83 8 470 953 833 510 347 30 614 616 834 785 213 987 301 220 98 294 318 177 103 171 839 234 599 14 565 952 606 756 166 569 380 967 302 779 980 674 912 244 615 223 448 345 219 10 50 759 824 798 431 820 0 470 933 727 927 225 629 60 565 480 898 13 660 109 808 445 487 507 344 946 963 865 970 264 947 220 240 973 903 101 780 961 445 870 422 323 860 59 929 341 283 
781 512 97 931 217 977 83 8 470 953 833 510 347 30 614 616 834 785 213 987 301 220 98 294 318 177 103 171 839 234 599 14 565 952 606 756 166 569 380 967 302 779 980 674 912 244 615 223 448 345 219 10 50 759 824 798 431 820 283 470 0 727 927 225 629 60 565 480 898 13 660 109 808 445 487 507 344 946 963 865 970 264 947 220 240 973 903 101 780 961 445 870 422 323 860 59 929 341 603 933 
512 97 931 217 977 83 8 470 953 833 510 347 30 614 616 834 785 213 987 301 220 98 294 318 177 103 171 839 234 599 14 565 952 606 756 166 569 380 967 302 779 980 674 912 244 615 223 448 345 219 10 50 759 824 798 431 820 283 470 933 727 0 225 629 60 565 480 898 13 660 109 808 445 487 507 344 946 963 865 970 264 947 220 240 973 903 101 780 961 445 870 422 323 860 59 929 341 603 781 927 
97 931 217 977 83 8 470 953 833 510 347 30 614 616 834 785 213 987 301 220 98 294 318 177 103 171 839 234 599 14 565 952 606 756 166 569 380 967 302 779 980 674 912 244 615 223 448 345 219 10 50 759 824 798 431 820 283 470 933 727 927 225 0 60 565 480 898 13 660 109 808 445 487 507 344 946 963 865 970 264 947 220 240 973 903 101 780 961 445 870 422 323 860 59 929 341 603 781 512 629 
931 217 977 83 8 470 953 833 510 347 30 614 616 834 785 213 987 301 220 98 294 318 177 103 171 839 234 599 14 565 952 606 756 166 569 380 967 302 779 980 674 912 244 615 223 448 345 219 10 50 759 824 798 431 820 283 470 933 727 927 225 629 60 0 480 898 13 660 109 808 445 487 507 344 946 963 865 970 264 947 220 240 973 903 101 780 961 445 870 422 323 860 59 929 341 603 781 512 97 565 
217 977 83 8 470 953 833 510 347 30 614 616 834 785 213 987 301 220 98 294 318 177 103 171 839 234 599 14 565 952 606 756 166 569 380 967 302 779 980 674 912 244 615 223 448 345 219 10 50 759 824 798 431 820 283 470 933 727 927 225 629 60 565 480 0 13 660 109 808 445 487 507 344 946 963 865 970 264 947 220 240 973 903 101 780 961 445 870 422 323 860 59 929 341 603 781 512 97 931 898 
977 83 8 470 953 833 510 347 30 614 616 834 785 213 987 301 220 98 294 318 177 103 171 839 234 599 14 565 952 606 756 166 569 380 967 302 779 980 674 912 244 615 223 448 345 219 10 50 759 824 798 431 820 283 470 933 727 927 225 629 60 565 480 898 13 0 109 808 445 487 507 344 946 963 865 970 264 947 220 240 973 903 101 780 961 445 870 422 323 860 59 929 341 603 781 512 97 931 217 660 
83 8 470 953 833 510 347 30 614 616 834 785 213 987 301 220 98 294 318 177 103 171 839 234 599 14 565 952 606 756 166 569 380 967 302 779 980 674 912 244 615 223 448 345 219 10 50 759 824 798 431 820 283 470 933 727 927 225 629 60 565 480 898 13 660 109 0 445 487 507 344 946 963 865 970 264 947 220 240 973 903 101 780 961 445 870 422 323 860 59 929 341 603 781 512 97 931 217 977 808 
8 470 953 833 510 347 30 614 616 834 785 213 987 301 220 98 294 318 177 103 171 839 234 599 14 565 952 606 756 166 569 380 967 302 779 980 674 912 244 615 223 448 345 219 10 50 759 824 798 431 820 283 470 933 727 927 225 629 60 565 480 898 13 660 109 808 445 0 507 344 946 963 865 970 264 947 220 240 973 903 101 780 961 445 870 422 323 860 59 929 341 603 781 512 97 931 217 977 83 487 
470 953 833 510 347 30 614 616 834 785 213 987 301 220 98 294 318 177 103 171 839 234 599 14 565 952 606 756 166 569 380 967 302 779 980 674 912 244 615 223 448 345 219 10 50 759 824 798 431 820 283 470 933 727 927 225 629 60 565 480 898 13 660 109 808 445 487 507 0 946 963 865 970 264 947 220 240 973 903 101 780 961 445 870 422 323 860 59 929 341 603 781 512 97 931 217 977 83 8 344 
953 833 510 347 30 614 616 834 785 213 987 301 220 98 294 318 177 103 171 839 234 599 14 565 952 606 756 166 569 380 967 302 779 980 674 912 244 615 223 448 345 219 10 50 759 824 798 431 820 283 470 933 727 927 225 629 60 565 480 898 13 660 109 808 445 487 507 344 946 0 865 970 264 947 220 240 973 903 101 780 961 445 870 422 323 860 59 929 341 603 781 512 97 931 217 977 83 8 470 963 
833 510 347 30 614 616 834 785 213 987 301 220 98 294 318 177 103 171 839 234 599 14 565 952 606 756 166 569 380 967 302 779 980 674 912 244 615 223 448 345 219 10 50 759 824 798 431 820 283 470 933 727 927 225 629 60 565 480 898 13 660 109 808 445 487 507 344 946 963 865 0 264 947 220 240 973 903 101 780 961 445 870 422 323 860 59 929 341 603 781 512 97 931 217 977 83 8 470 953 970 
510 347 30 614 616 834 785 213 987 301 220 98 294 318 177 103 171 839 234 599 14 565 952 606 756 166 569 380 967 302 779 980 674 912 244 615 223 448 345 219 10 50 759 824 798 431 820 283 470 933 727 927 225 629 60 565 480 898 13 660 109 808 445 487 507 344 946 963 865 970 264 0 220 240 973 903 101 780 961 445 870 422 323 860 59 929 341 603 781 512 97 931 217 977 83 8 470 953 833 947 
347 30 614 616 834 785 213 987 301 220 98 294 318 177 103 171 839 234 599 14 565 952 606 756 166 569 380 967 302 779 980 674 912 244 615 223 448 345 219 10 50 759 824 798 431 820 283 470 933 727 927 225 629 60 565 480 898 13 660 109 808 445 487 507 344 946 963 865 970 264 947 220 0 973 903 101 780 961 445 870 422 323 860 59 929 341 603 781 512 97 931 217 977 83 8 470 953 833 510 240 
30 614 616 834 785 213 987 301 220 98 294 318 177 103 171 839 234 599 14 565 952 606 756 166 569 380 967 302 779 980 674 912 244 615 223 448 345 219 10 50 759 824 798 431 820 283 470 933 727 927 225 629 60 565 480 898 13 660 109 808 445 487 507 344 946 963 865 970 264 947 220 240 973 0 101 780 961 445 870 422 323 860 59 929 341 603 781 512 97 931 217 977 83 8 470 953 833 510 347 903 
614 616 834 785 213 987 301 220 98 294 318 177 103 171 839 234 599 14 565 952 606 756 166 569 380 967 302 779 980 674 912 244 615 223 448 345 219 10 50 759 824 798 431 820 283 470 933 727 927 225 629 60 565 480 898 13 660 109 808 445 487 507 344 946 963 865 970 264 947 220 240 973 903 101 0 961 445 870 422 323 860 59 929 341 603 781 512 97 931 217 977 83 8 470 953 833 510 347 30 780 
616 834 785 213 987 301 220 98 294 318 177 103 171 839 234 599 14 565 952 606 756 166 569 380 967 302 779 980 674 912 244 615 223 448 345 219 10 50 759 824 798 431 820 283 470 933 727 927 225 629 60 565 480 898 13 660 109 808 445 487 507 344 946 963 865 970 264 947 220 240 973 903 101 780 961 0 870 422 323 860 59 929 341 603 781 512 97 931 217 977 83 8 470 953 833 510 347 30 614 445 
834 785 213 987 301 220 98 294 318 177 103 171 839 234 599 14 565 952 606 756 166 569 380 967 302 779 980 674 912 244 615 223 448 345 219 10 50 759 824 798 431 820 283 470 933 727 927 225 629 60 565 480 898 13 660 109 808 445 487 507 344 946 963 865 970 264 947 220 240 973 903 101 780 961 445 870 0 323 860 59 929 341 603 781 512 97 931 217 977 83 8 470 953 833 510 347 30 614 616 422 
785 213 987 301 220 98 294 318 177 103 171 839 234 599 14 565 952 606 756 166 569 380 967 302 779 980 674 912 244 615 223 448 345 219 10 50 759 824 798 431 820 283 470 933 727 927 225 629 60 565 480 898 13 660 109 808 445 487 507 344 946 963 865 970 264 947 220 240 973 903 101 780 961 445 870 422 323 0 59 929 341 603 781 512 97 931 217 977 83 8 470 953 833 510 347 30 614 616 834 860 
213 987 301 220 98 294 318 177 103 171 839 234 599 14 565 952 606 756 166 569 380 967 302 779 980 674 912 244 615 223 448 345 219 10 50 759 824 798 431 820 283 470 933 727 927 225 629 60 565 480 898 13 660 109 808 445 487 507 344 946 963 865 970 264 947 220 240 973 903 101 780 961 445 870 422 323 860 59 0 341 603 781 512 97 931 217 977 83 8 470 953 833 510 347 30 614 616 834 785 929 
987 301 220 98 294 318 177 103 171 839 234 599 14 565 952 606 756 166 569 380 967 302 779 980 674 912 244 615 223 448 345 219 10 50 759 824 798 431 820 283 470 933 727 927 225 629 60 565 480 898 13 660 109 808 445 487 507 344 946 963 865 970 264 947 220 240 973 903 101 780 961 445 870 422 323 860 59 929 341 0 781 512 97 931 217 977 83 8 470 953 833 510 347 30 614 616 834 785 213 603 
301 220 98 294 318 177 103 171 839 234 599 14 565 952 606 756 166 569 380 967 302 779 980 674 912 244 615 223 448 345 219 10 50 759 824 798 431 820 283 470 933 727 927 225 629 60 565 480 898 13 660 109 808 445 487 507 344 946 963 865 970 264 947 220 240 973 903 101 780 961 445 870 422 323 860 59 929 341 603 781 0 97 931 217 977 83 8 470 953 833 510 347 30 614 616 834 785 213 987 512 
220 98 294 318 177 103 171 839 234 599 14 565 952 606 756 166 569 380 967 302 779 980 674 912 244 615 223 448 345 219 10 50 759 824 798 431 820 283 470 933 727 927 225 629 60 565 480 898 13 660 109 808 445 487 507 344 946 963 865 970 264 947 220 240 973 903 101 780 961 445 870 422 323 860 59 929 341 603 781 512 97 0 217 977 83 8 470 953 833 510 347 30 614 616 834 785 213 987 301 931 
98 294 318 177 103 171 839 234 599 14 565 952 606 756 166 569 380 967 302 779 980 674 912 244 615 223 448 345 219 10 50 759 824 798 431 820 283 470 933 727 927 225 629 60 565 480 898 13 660 109 808 445 487 507 344 946 963 865 970 264 947 220 240 973 903 101 780 961 445 870 422 323 860 59 929 341 603 781 512 97 931 217 0 83 8 470 953 833 510 347 30 614 616 834 785 213 987 301 220 977 
294 318 177 103 171 839 234 599 14 565 952 606 756 166 569 380 967 302 779 980 674 912 244 615 223 448 345 219 10 50 759 824 798 431 820 283 470 933 727 927 225 629 60 565 480 898 13 660 109 808 445 487 507 344 946 963 865 970 264 947 220 240 973 903 101 780 961 445 870 422 323 860 59 929 341 603 781 512 97 931 217 977 83 0 470 953 833 510 347 30 614 616 834 785 213 987 301 220 98 8 
318 177 103 171 839 234 599 14 565 952 606 756 166 569 380 967 302 779 980 674 912 244 615 223 448 345 219 10 50 759 824 798 431 820 283 470 933 727 927 225 629 60 565 480 898 13 660 109 808 445 487 507 344 946 963 865 970 264 947 220 240 973 903 101 780 961 445 870 422 323 860 59 929 341 603 781 512 97 931 217 977 83 8 470 0 833 510 347 30 614 616 834 785 213 987 301 220 98 294 953 
177 103 171 839 234 599 14 565 952 606 756 166 569 380 967 302 779 980 674 912 244 615 223 448 345 219 10 50 759 824 798 431 820 283 470 933 727 927 225 629 60 565 480 898 13 660 109 808 445 487 507 344 946 963 865 970 264 947 220 240 973 903 101 780 961 445 870 422 323 860 59 929 341 603 781 512 97 931 217 977 83 8 470 953 833 0 347 30 614 616 834 785 213 987 301 220 98 294 318 510 
103 171 839 234 599 14 565 952 606 756 166 569 380 967 302 779 980 674 912 244 615 223 448 345 219 10 50 759 824 798 431 820 283 470 933 727 927 225 629 60 565 480 898 13 660 109 808 445 487 507 344 946 963 865 970 264 947 220 240 973 903 101 780 961 445 870 422 323 860 59 929 341 603 781 512 97 931 217 977 83 8 470 953 833 510 347 0 614 616 834 785 213 987 301 220 98 294 318 177 30 
171 839 234 599 14 565 952 606 756 166 569 380 967 302 779 980 674 912 244 615 223 448 345 219 10 50 759 824 798 431 820 283 470 933 727 927 225 629 60 565 480 898 13 660 109 808 445 487 507 344 946 963 865 970 264 947 220 240 973 903 101 780 961 445 870 422 323 860 59 929 341 603 781 512 97 931 217 977 83 8 470 953 833 510 347 30 614 0 834 785 213 987 301 220 98 294 318 177 103 616 
839 234 599 14 565 952 606 756 166 569 380 967 302 779 980 674 912 244 615 223 448 345 219 10 50 759 824 798 431 820 283 470 933 727 927 225 629 60 565 480 898 13 660 109 808 445 487 507 344 946 963 865 970 264 947 220 240 973 903 101 780 961 445 870 422 323 860 59 929 341 603 781 512 97 931 217 977 83 8 470 953 833 510 347 30 614 616 834 0 213 987 301 220 98 294 318 177 103 171 785 
234 599 14 565 952 606 756 166 569 380 967 302 779 980 674 912 244 615 223 448 345 219 10 50 759 824 798 431 820 283 470 933 727 927 225 629 60 565 480 898 13 660 109 808 445 487 507 344 946 963 865 970 264 947 220 240 973 903 101 780 961 445 870 422 323 860 59 929 341 603 781 512 97 931 217 977 83 8 470 953 833 510 347 30 614 616 834 785 213 0 301 220 98 294 318 177 103 171 839 987 
599 14 565 952 606 756 166 569 380 967 302 779 980 674 912 244 615 223 448 345 219 10 50 759 824 798 431 820 283 470 933 727 927 225 629 60 565 480 898 13 660 109 808 445 487 507 344 946 963 865 970 264 947 220 240 973 903 101 780 961 445 870 422 323 860 59 929 341 603 781 512 97 931 217 977 83 8 470 953 833 510 347 30 614 616 834 785 213 987 301 0 98 294 318 177 103 171 839 234 220 
14 565 952 606 756 166 569 380 967 302 779 980 674 912 244 615 223 448 345 219 10 50 759 824 798 431 820 283 470 933 727 927 225 629 60 565 480 898 13 660 109 808 445 487 507 344 946 963 865 970 264 947 220 240 973 903 101 780 961 445 870 422 323 860 59 929 341 603 781 512 97 931 217 977 83 8 470 953 833 510 347 30 614 616 834 785 213 987 301 220 98 0 318 177 103 171 839 234 599 294 
565 952 606 756 166 569 380 967 302 779 980 674 912 244 615 223 448 345 219 10 50 759 824 798 431 820 283 470 933 727 927 225 629 60 565 480 898 13 660 109 808 445 487 507 344 946 963 865 970 264 947 220 240 973 903 101 780 961 445 870 422 323 860 59 929 341 603 781 512 97 931 217 977 83 8 470 953 833 510 347 30 614 616 834 785 213 987 301 220 98 294 318 0 103 171 839 234 599 14 177 
952 606 756 166 569 380 967 302 779 980 674 912 244 615 223 448 345 219 10 50 759 824 798 431 820 283 470 933 727 927 225 629 60 565 480 898 13 660 109 808 445 487 507 344 946 963 865 970 264 947 220 240 973 903 101 780 961 445 870 422 323 860 59 929 341 603 781 512 97 931 217 977 83 8 470 953 833 510 347 30 614 616 834 785 213 987 301 220 98 294 318 177 103 0 839 234 599 14 565 171 
606 756 166 569 380 967 302 779 980 674 912 244 615 223 448 345 219 10 50 759 824 798 431 820 283 470 933 727 927 225 629 60 565 480 898 13 660 109 808 445 487 507 344 946 963 865 970 264 947 220 240 973 903 101 780 961 445 870 422 323 860 59 929 341 603 781 512 97 931 217 977 83 8 470 953 833 510 347 30 614 616 834 785 213 987 301 220 98 294 318 177 103 171 839 0 599 14 565 952 234 
756 166 569 380 967 302 779 980 674 912 244 615 223 448 345 219 10 50 759 824 798 431 820 283 470 933 727 927 225 629 60 565 480 898 13 660 109 808 445 487 507 344 946 963 865 970 264 947 220 240 973 903 101 780 961 445 870 422 323 860 59 929 341 603 781 512 97 931 217 977 83 8 470 953 833 510 347 30 614 616 834 785 213 987 301 220 98 294 318 177 103 171 839 234 599 0 565 952 606 14 
166 569 380 967 302 779 980 674 912 244 615 223 448 345 219 10 50 759 824 798 431 820 283 470 933 727 927 225 629 60 565 480 898 13 660 109 808 445 487 507 344 946 963 865 970 264 947 220 240 973 903 101 780 961 445 870 422 323 860 59 929 341 603 781 512 97 931 217 977 83 8 470 953 833 510 347 30 614 616 834 785 213 987 301 220 98 294 318 177 103 171 839 234 599 14 565 0 606 756 952 
569 380 967 302 779 980 674 912 244 615 223 448 345 219 10 50 759 824 798 431 820 283 470 933 727 927 225 629 60 565 480 898 13 660 109 808 445 487 507 344 946 963 865 970 264 947 220 240 973 903 101 780 961 445 870 422 323 860 59 929 341 603 781 512 97 931 217 977 83 8 470 953 833 510 347 30 614 616 834 785 213 987 301 220 98 294 318 177 103 171 839 234 599 14 565 952 606 0 166 756 
380 967 302 779 980 674 912 244 615 223 448 345 219 10 50 759 824 798 431 820 283 470 933 727 927 225 629 60 565 480 898 13 660 109 808 445 487 507 344 946 963 865 970 264 947 220 240 973 903 101 780 961 445 870 422 323 860 59 929 341 603 781 512 97 931 217 977 83 8 470 953 833 510 347 30 614 616 834 785 213 987 301 220 98 294 318 177 103 171 839 234 599 14 565 952 606 756 166 0 569 
967 779 674 244 223 345 10 759 798 820 470 727 225 60 480 13 109 445 507 946 865 264 220 973 101 961 870 323 59 341 781 97 217 83 470 833 347 614 834 213 301 98 318 103 839 599 565 606 166 380 302 980 912 615 448 219 50 824 431 283 933 927 629 565 898 660 808 487 344 963 970 947 240 903 780 445 422 860 929 603 512 931 977 8 953 510 30 616 785 987 220 294 177 171 234 14 952 756 569 0 
