0 876 824 475 394 732 35 133 397 4 78 754 981 507 841 826 836 516 166 479 23 569 125 772 555 420 307 96 292 426 634 728 202 44 710 476 34 427 495 844 990 890 464 296 442 836 613 791 185 493 847 823 778 249 7 184 200 885 146 933 754 433 191 498 963 113 940 830 143 90 434 320 804 83 107 55 864 966 773 457 886 914 271 399 357 542 654 981 599 210 174 94 556 569 886 419 543 205 379 822 
876 0 475 394 732 35 133 397 4 78 754 981 507 841 826 836 516 166 479 23 569 125 772 555 420 307 96 292 426 634 728 202 44 710 476 34 427 495 844 990 890 464 296 442 836 613 791 185 493 847 823 778 249 7 184 200 885 146 933 754 433 191 498 963 113 940 830 143 90 434 320 804 83 107 55 864 966 773 457 886 914 271 399 357 542 654 981 599 210 174 94 556 569 886 419 543 205 379 822 824 
824 475 0 732 35 133 397 4 78 754 981 507 841 826 836 516 166 479 23 569 125 772 555 420 307 96 292 426 634 728 202 44 710 476 34 427 495 844 990 890 464 296 442 836 613 791 185 493 847 823 778 249 7 184 200 885 146 933 754 433 191 498 963 113 940 830 143 90 434 320 804 83 107 55 864 966 773 457 886 914 271 399 357 542 654 981 599 210 174 94 556 569 886 419 543 205 379 822 876 394 
475 394 732 0 133 397 4 78 754 981 507 841 826 836 516 166 479 23 569 125 772 555 420 307 96 292 426 634 728 202 44 710 476 34 427 495 844 990 890 464 296 442 836 613 791 185 493 847 823 778 249 7 184 200 885 146 933 754 433 191 498 963 113 940 830 143 90 434 320 804 83 107 55 864 966 773 457 886 914 271 399 357 542 654 981 599 210 174 94 556 569 886 419 543 205 379 822 876 824 35 
394 732 35 133 0 4 78 754 981 507 841 826 836 516 166 479 23 569 125 772 555 420 307 96 292 426 634 728 202 44 710 476 34 427 495 844 990 890 464 296 442 836 613 791 185 493 847 823 778 249 7 184 200 885 146 933 754 433 191 498 963 113 940 830 143 90 434 320 804 83 107 55 864 966 773 457 886 914 271 399 357 542 654 981 599 210 174 94 556 569 886 419 543 205 379 822 876 824 475 397 
732 35 133 397 4 0 754 981 507 841 826 836 516 166 479 23 569 125 772 555 420 307 96 292 426 634 728 202 44 710 476 34 427 495 844 990 890 464 296 442 836 613 791 185 493 847 823 778 249 7 184 200 885 146 933 754 433 191 498 963 113 940 830 143 90 434 320 804 83 107 55 864 966 773 457 886 914 271 399 357 542 654 981 599 210 174 94 556 569 886 419 543 205 379 822 876 824 475 394 78 
35 133 397 4 78 754 0 507 841 826 836 516 166 479 23 569 125 772 555 420 307 96 292 426 634 728 202 44 710 476 34 427 495 844 990 890 464 296 442 836 613 791 185 493 847 823 778 249 7 184 200 885 146 933 754 433 191 498 963 113 940 830 143 90 434 320 804 83 107 55 864 966 773 457 886 914 271 399 357 542 654 981 599 210 174 94 556 569 886 419 543 205 379 822 876 824 475 394 732 981 
133 397 4 78 754 981 507 0 826 836 516 166 479 23 569 125 772 555 420 307 96 292 426 634 728 202 44 710 476 34 427 495 844 990 890 464 296 442 836 613 791 185 493 847 823 778 249 7 184 200 885 146 933 754 433 191 498 963 113 940 830 143 90 434 320 804 83 107 55 864 966 773 457 886 914 271 399 357 542 654 981 599 210 174 94 556 569 886 419 543 205 379 822 876 824 475 394 732 35 841 
397 4 78 754 981 507 841 826 0 516 166 479 23 569 125 772 555 420 307 96 292 426 634 728 202 44 710 476 34 427 495 844 990 890 464 296 442 836 613 791 185 493 847 823 778 249 7 184 200 885 146 933 754 433 191 498 963 113 940 830 143 90 434 320 804 83 107 55 864 966 773 457 886 914 271 399 357 542 654 981 599 210 174 94 556 569 886 419 543 205 379 822 876 824 475 394 732 35 133 836 
4 78 754 981 507 841 826 836 516 0 479 23 569 125 772 555 420 307 96 292 426 634 728 202 44 710 476 34 427 495 844 990 890 464 296 442 836 613 791 185 493 847 823 778 249 7 184 200 885 146 933 754 433 191 498 963 113 940 830 143 90 434 320 804 83 107 55 864 966 773 457 886 914 271 399 357 542 654 981 599 210 174 94 556 569 886 419 543 205 379 822 876 824 475 394 732 35 133 397 166 
78 754 981 507 841 826 836 516 166 479 0 569 125 772 555 420 307 96 292 426 634 728 202 44 710 476 34 427 495 844 990 890 464 296 442 836 613 791 185 493 847 823 778 249 7 184 200 885 146 933 754 433 191 498 963 113 940 830 143 90 434 320 804 83 107 55 864 966 773 457 886 914 271 399 357 542 654 981 599 210 174 94 556 569 886 419 543 205 379 822 876 824 475 394 732 35 133 397 4 23 
754 981 507 841 826 836 516 166 479 23 569 0 772 555 420 307 96 292 426 634 728 202 44 710 476 34 427 495 844 990 890 464 296 442 836 613 791 185 493 847 823 778 249 7 184 200 885 146 933 754 433 191 498 963 113 940 830 143 90 434 320 804 83 107 55 864 966 773 457 886 914 271 399 357 542 654 981 599 210 174 94 556 569 886 419 543 205 379 822 876 824 475 394 732 35 133 397 4 78 125 
981 507 841 826 836 516 166 479 23 569 125 772 0 420 307 96 292 426 634 728 202 44 710 476 34 427 495 844 990 890 464 296 442 836 613 791 185 493 847 823 778 249 7 184 200 885 146 933 754 433 191 498 963 113 940 830 143 90 434 320 804 83 107 55 864 966 773 457 886 914 271 399 357 542 654 981 599 210 174 94 556 569 886 419 543 205 379 822 876 824 475 394 732 35 133 397 4 78 754 555 
507 841 826 836 516 166 479 23 569 125 772 555 420 0 96 292 426 634 728 202 44 710 476 34 427 495 844 990 890 464 296 442 836 613 791 185 493 847 823 778 249 7 184 200 885 146 933 754 433 191 498 963 113 940 830 143 90 434 320 804 83 107 55 864 966 773 457 886 914 271 399 357 542 654 981 599 210 174 94 556 569 886 419 543 205 379 822 876 824 475 394 732 35 133 397 4 78 754 981 307 
841 826 836 516 166 479 23 569 125 772 555 420 307 96 0 426 634 728 202 44 710 476 34 427 495 844 990 890 464 296 442 836 613 791 185 493 847 823 778 249 7 184 200 885 146 933 754 433 191 498 963 113 940 830 143 90 434 320 804 83 107 55 864 966 773 457 886 914 271 399 357 542 654 981 599 210 174 94 556 569 886 419 543 205 379 822 876 824 475 394 732 35 133 397 4 78 754 981 507 292 
826 836 516 166 479 23 569 125 772 555 420 307 96 292 426 0 728 202 44 710 476 34 427 495 844 990 890 464 296 442 836 613 791 185 493 847 823 778 249 7 184 200 885 146 933 754 433 191 498 963 113 940 830 143 90 434 320 804 83 107 55 864 966 773 457 886 914 271 399 357 542 654 981 599 210 174 94 556 569 886 419 543 205 379 822 876 824 475 394 732 35 133 397 4 78 754 981 507 841 634 
836 516 166 479 23 569 125 772 555 420 307 96 292 426 634 728 0 44 710 476 34 427 495 844 990 890 464 296 442 836 613 791 185 493 847 823 778 249 7 184 200 885 146 933 754 433 191 498 963 113 940 830 143 90 434 320 804 83 107 55 864 966 773 457 886 914 271 399 357 542 654 981 599 210 174 94 556 569 886 419 543 205 379 822 876 824 475 394 732 35 133 397 4 78 754 981 507 841 826 202 
516 166 479 23 569 125 772 555 420 307 96 292 426 634 728 202 44 0 476 34 427 495 844 990 890 464 296 442 836 613 791 185 493 847 823 778 249 7 184 200 885 146 933 754 433 191 498 963 113 940 830 143 90 434 320 804 83 107 55 864 966 773 457 886 914 271 399 357 542 654 981 599 210 174 94 556 569 886 419 543 205 379 822 876 824 475 394 732 35 133 397 4 78 754 981 507 841 826 836 710 
166 479 23 569 125 772 555 420 307 96 292 426 634 728 202 44 710 476 0 427 495 844 990 890 464 296 442 836 613 791 185 493 847 823 778 249 7 184 200 885 146 933 754 433 191 498 963 113 940 830 143 90 434 320 804 83 107 55 864 966 773 457 886 914 271 399 357 542 654 981 599 210 174 94 556 569 886 419 543 205 379 822 876 824 475 394 732 35 133 397 4 78 754 981 507 841 826 836 516 34 
479 23 569 125 772 555 420 307 96 292 426 634 728 202 44 710 476 34 427 0 844 990 890 464 296 442 836 613 791 185 493 847 823 778 249 7 184 200 885 146 933 754 433 191 498 963 113 940 830 143 90 434 320 804 83 107 55 864 966 773 457 886 914 271 399 357 542 654 981 599 210 174 94 556 569 886 419 543 205 379 822 876 824 475 394 732 35 133 397 4 78 754 981 507 841 826 836 516 166 495 
23 569 125 772 555 420 307 96 292 426 634 728 202 44 710 476 34 427 495 844 0 890 464 296 442 836 613 791 185 493 847 823 778 249 7 184 200 885 146 933 754 433 191 498 963 113 940 830 143 90 434 320 804 83 107 55 864 966 773 457 886 914 271 399 357 542 654 981 599 210 174 94 556 569 886 419 543 205 379 822 876 824 475 394 732 35 133 397 4 78 754 981 507 841 826 836 516 166 479 990 
569 125 772 555 420 307 96 292 426 634 728 202 44 710 476 34 427 495 844 990 890 0 296 442 836 613 791 185 493 847 823 778 249 7 184 200 885 146 933 754 433 191 498 963 113 940 830 143 90 434 320 804 83 107 55 864 966 773 457 886 914 271 399 357 542 654 981 599 210 174 94 556 569 886 419 543 205 379 822 876 824 475 394 732 35 133 397 4 78 754 981 507 841 826 836 516 166 479 23 464 
125 772 555 420 307 96 292 426 634 728 202 44 710 476 34 427 495 844 990 890 464 296 0 836 613 791 185 493 847 823 778 249 7 184 200 885 146 933 754 433 191 498 963 113 940 830 143 90 434 320 804 83 107 55 864 966 773 457 886 914 271 399 357 542 654 981 599 210 174 94 556 569 886 419 543 205 379 822 876 824 475 394 732 35 133 397 4 78 754 981 507 841 826 836 516 166 479 23 569 442 
772 555 420 307 96 292 426 634 728 202 44 710 476 34 427 495 844 990 890 464 296 442 836 0 791 185 493 847 823 778 249 7 184 200 885 146 933 754 433 191 498 963 113 940 830 143 90 434 320 804 83 107 55 864 966 773 457 886 914 271 399 357 542 654 981 599 210 174 94 556 569 886 419 543 205 379 822 876 824 475 394 732 35 133 397 4 78 754 981 507 841 826 836 516 166 479 23 569 125 613 
555 420 307 96 292 426 634 728 202 44 710 476 34 427 495 844 990 890 464 296 442 836 613 791 0 493 847 823 778 249 7 184 200 885 146 933 754 433 191 498 963 113 940 830 143 90 434 320 804 83 107 55 864 966 773 457 886 914 271 399 357 542 654 981 599 210 174 94 556 569 886 419 543 205 379 822 876 824 475 394 732 35 133 397 4 78 754 981 507 841 826 836 516 166 479 23 569 125 772 185 
420 307 96 292 426 634 728 202 44 710 476 34 427 495 844 990 890 464 296 442 836 613 791 185 493 0 823 778 249 7 184 200 885 146 933 754 433 191 498 963 113 940 830 143 90 434 320 804 83 107 55 864 966 773 457 886 914 271 399 357 542 654 981 599 210 174 94 556 569 886 419 543 205 379 822 876 824 475 394 732 35 133 397 4 78 754 981 507 841 826 836 516 166 479 23 569 125 772 555 847 
307 96 292 426 634 728 202 44 710 476 34 427 495 844 990 890 464 296 442 836 613 791 185 493 847 823 0 249 7 184 200 885 146 933 754 433 191 498 963 113 940 830 143 90 434 320 804 83 107 55 864 966 773 457 886 914 271 399 357 542 654 981 599 210 174 94 556 569 886 419 543 205 379 822 876 824 475 394 732 35 133 397 4 78 754 981 507 841 826 836 516 166 479 23 569 125 772 555 420 778 
96 292 426 634 728 202 44 710 476 34 427 495 844 990 890 464 296 442 836 613 791 185 493 847 823 778 249 0 184 200 885 146 933 754 433 191 498 963 113 940 830 143 90 434 320 804 83 107 55 864 966 773 457 886 914 271 399 357 542 654 981 599 210 174 94 556 569 886 419 543 205 379 822 876 824 475 394 732 35 133 397 4 78 754 981 507 841 826 836 516 166 479 23 569 125 772 555 420 307 7 
292 426 634 728 202 44 710 476 34 427 495 844 990 890 464 296 442 836 613 791 185 493 847 823 778 249 7 184 0 885 146 933 754 433 191 498 963 113 940 830 143 90 434 320 804 83 107 55 864 966 773 457 886 914 271 399 357 542 654 981 599 210 174 94 556 569 886 419 543 205 379 822 876 824 475 394 732 35 133 397 4 78 754 981 507 841 826 836 516 166 479 23 569 125 772 555 420 307 96 200 
426 634 728 202 44 710 476 34 427 495 844 990 890 464 296 442 836 613 791 185 493 847 823 778 249 7 184 200 885 0 933 754 433 191 498 963 113 940 830 143 90 434 320 804 83 107 55 864 966 773 457 886 914 271 399 357 542 654 981 599 210 174 94 556 569 886 419 543 205 379 822 876 824 475 394 732 35 133 397 4 78 754 981 507 841 826 836 516 166 479 23 569 125 772 555 420 307 96 292 146 
634 728 202 44 710 476 34 427 495 844 990 890 464 296 442 836 613 791 185 493 847 823 778 249 7 184 200 885 146 933 0 433 191 498 963 113 940 830 143 90 434 320 804 83 107 55 864 966 773 457 886 914 271 399 357 542 654 981 599 210 174 94 556 569 886 419 543 205 379 822 876 824 475 394 732 35 133 397 4 78 754 981 507 841 826 836 516 166 479 23 569 125 772 555 420 307 96 292 426 754 
728 202 44 710 476 34 427 495 844 990 890 464 296 442 836 613 791 185 493 847 823 778 249 7 184 200 885 146 933 754 433 0 498 963 113 940 830 143 90 434 320 804 83 107 55 864 966 773 457 886 914 271 399 357 542 654 981 599 210 174 94 556 569 886 419 543 205 379 822 876 824 475 394 732 35 133 397 4 78 754 981 507 841 826 836 516 166 479 23 569 125 772 555 420 307 96 292 426 634 191 
202 44 710 476 34 427 495 844 990 890 464 296 442 836 613 791 185 493 847 823 778 249 7 184 200 885 146 933 754 433 191 498 0 113 940 830 143 90 434 320 804 83 107 55 864 966 773 457 886 914 271 399 357 542 654 981 599 210 174 94 556 569 886 419 543 205 379 822 876 824 475 394 732 35 133 397 4 78 754 981 507 841 826 836 516 166 479 23 569 125 772 555 420 307 96 292 426 634 728 963 
44 710 476 34 427 495 844 990 890 464 296 442 836 613 791 185 493 847 823 778 249 7 184 200 885 146 933 754 433 191 498 963 113 0 830 143 90 434 320 804 83 107 55 864 966 773 457 886 914 271 399 357 542 654 981 599 210 174 94 556 569 886 419 543 205 379 822 876 824 475 394 732 35 133 397 4 78 754 981 507 841 826 836 516 166 479 23 569 125 772 555 420 307 96 292 426 634 728 202 940 
710 476 34 427 495 844 990 890 464 296 442 836 613 791 185 493 847 823 778 249 7 184 200 885 146 933 754 433 191 498 963 113 940 830 0 90 434 320 804 83 107 55 864 966 773 457 886 914 271 399 357 542 654 981 599 210 174 94 556 569 886 419 543 205 379 822 876 824 475 394 732 35 133 397 4 78 754 981 507 841 826 836 516 166 479 23 569 125 772 555 420 307 96 292 426 634 728 202 44 143 
476 34 427 495 844 990 890 464 296 442 836 613 791 185 493 847 823 778 249 7 184 200 885 146 933 754 433 191 498 963 113 940 830 143 90 0 320 804 83 107 55 864 966 773 457 886 914 271 399 357 542 654 981 599 210 174 94 556 569 886 419 543 205 379 822 876 824 475 394 732 35 133 397 4 78 754 981 507 841 826 836 516 166 479 23 569 125 772 555 420 307 96 292 426 634 728 202 44 710 434 
34 427 495 844 990 890 464 296 442 836 613 791 185 493 847 823 778 249 7 184 200 885 146 933 754 433 191 498 963 113 940 830 143 90 434 320 0 83 107 55 864 966 773 457 886 914 271 399 357 542 654 981 599 210 174 94 556 569 886 419 543 205 379 822 876 824 475 394 732 35 133 397 4 78 754 981 507 841 826 836 516 166 479 23 569 125 772 555 420 307 96 292 426 634 728 202 44 710 476 804 
427 495 844 990 890 464 296 442 836 613 791 185 493 847 823 778 249 7 184 200 885 146 933 754 433 191 498 963 113 940 830 143 90 434 320 804 83 0 55 864 966 773 457 886 914 271 399 357 542 654 981 599 210 174 94 556 569 886 419 543 205 379 822 876 824 475 394 732 35 133 397 4 78 754 981 507 841 826 836 516 166 479 23 569 125 772 555 420 307 96 292 426 634 728 202 44 710 476 34 107 
495 844 990 890 464 296 442 836 613 791 185 493 847 823 778 249 7 184 200 885 146 933 754 433 191 498 963 113 940 830 143 90 434 320 804 83 107 55 0 966 773 457 886 914 271 399 357 542 654 981 599 210 174 94 556 569 886 419 543 205 379 822 876 824 475 394 732 35 133 397 4 78 754 981 507 841 826 836 516 166 479 23 569 125 772 555 420 307 96 292 426 634 728 202 44 710 476 34 427 864 
844 990 890 464 296 442 836 613 791 185 493 847 823 778 249 7 184 200 885 146 933 754 433 191 498 963 113 940 830 143 90 434 320 804 83 107 55 864 966 0 457 886 914 271 399 357 542 654 981 599 210 174 94 556 569 886 419 543 205 379 822 876 824 475 394 732 35 133 397 4 78 754 981 507 841 826 836 516 166 479 23 569 125 772 555 420 307 96 292 426 634 728 202 44 710 476 34 427 495 773 
990 890 464 296 442 836 613 791 185 493 847 823 778 249 7 184 200 885 146 933 754 433 191 498 963 113 940 830 143 90 434 320 804 83 107 55 864 966 773 457 0 914 271 399 357 542 654 981 599 210 174 94 556 569 886 419 543 205 379 822 876 824 475 394 732 35 133 397 4 78 754 981 507 841 826 836 516 166 479 23 569 125 772 555 420 307 96 292 426 634 728 202 44 710 476 34 427 495 844 886 
890 464 296 442 836 613 791 185 493 847 823 778 249 7 184 200 885 146 933 754 433 191 498 963 113 940 830 143 90 434 320 804 83 107 55 864 966 773 457 886 914 0 399 357 542 654 981 599 210 174 94 556 569 886 419 543 205 379 822 876 824 475 394 732 35 133 397 4 78 754 981 507 841 826 836 516 166 479 23 569 125 772 555 420 307 96 292 426 634 728 202 44 710 476 34 427 495 844 990 271 
464 296 442 836 613 791 185 493 847 823 778 249 7 184 200 885 146 933 754 433 191 498 963 113 940 830 143 90 434 320 804 83 107 55 864 966 773 457 886 914 271 399 0 542 654 981 599 210 174 94 556 569 886 419 543 205 379 822 876 824 475 394 732 35 133 397 4 78 754 981 507 841 826 836 516 166 479 23 569 125 772 555 420 307 96 292 426 634 728 202 44 710 476 34 427 495 844 990 890 357 
296 442 836 613 791 185 493 847 823 778 249 7 184 200 885 146 933 754 433 191 498 963 113 940 830 143 90 434 320 804 83 107 55 864 966 773 457 886 914 271 399 357 542 0 981 599 210 174 94 556 569 886 419 543 205 379 822 876 824 475 394 732 35 133 397 4 78 754 981 507 841 826 836 516 166 479 23 569 125 772 555 420 307 96 292 426 634 728 202 44 710 476 34 427 495 844 990 890 464 654 
442 836 613 791 185 493 847 823 778 249 7 184 200 885 146 933 754 433 191 498 963 113 940 830 143 90 434 320 804 83 107 55 864 966 773 457 886 914 271 399 357 542 654 981 0 210 174 94 556 569 886 419 543 205 379 822 876 824 475 394 732 35 133 397 4 78 754 981 507 841 826 836 516 166 479 23 569 125 772 555 420 307 96 292 426 634 728 202 44 710 476 34 427 495 844 990 890 464 296 599 
836 613 791 185 493 847 823 778 249 7 184 200 885 146 933 754 433 191 498 963 113 940 830 143 90 434 320 804 83 107 55 864 966 773 457 886 914 271 399 357 542 654 981 599 210 0 94 556 569 886 419 543 205 379 822 876 824 475 394 732 35 133 397 4 78 754 981 507 841 826 836 516 166 479 23 569 125 772 555 420 307 96 292 426 634 728 202 44 710 476 34 427 495 844 990 890 464 296 442 174 
613 791 185 493 847 823 778 249 7 184 200 885 146 933 754 433 191 498 963 113 940 830 143 90 434 320 804 83 107 55 864 966 773 457 886 914 271 399 357 542 654 981 599 210 174 94 0 569 886 419 543 205 379 822 876 824 475 394 732 35 133 397 4 78 754 981 507 841 826 836 516 166 479 23 569 125 772 555 420 307 96 292 426 634 728 202 44 710 476 34 427 495 844 990 890 464 296 442 836 556 
791 185 493 847 823 778 249 7 184 200 885 146 933 754 433 191 498 963 113 940 830 143 90 434 320 804 83 107 55 864 966 773 457 886 914 271 399 357 542 654 981 599 210 174 94 556 569 0 419 543 205 379 822 876 824 475 394 732 35 133 397 4 78 754 981 507 841 826 836 516 166 479 23 569 125 772 555 420 307 96 292 426 634 728 202 44 710 476 34 427 495 844 990 890 464 296 442 836 613 886 
185 493 847 823 778 249 7 184 200 885 146 933 754 433 191 498 963 113 940 830 143 90 434 320 804 83 107 55 864 966 773 457 886 914 271 399 357 542 654 981 599 210 174 94 556 569 886 419 0 205 379 822 876 824 475 394 732 35 133 397 4 78 754 981 507 841 826 836 516 166 479 23 569 125 772 555 420 307 96 292 426 634 728 202 44 710 476 34 427 495 844 990 890 464 296 442 836 613 791 543 
493 847 823 778 249 7 184 200 885 146 933 754 433 191 498 963 113 940 830 143 90 434 320 804 83 107 55 864 966 773 457 886 914 271 399 357 542 654 981 599 210 174 94 556 569 886 419 543 205 0 822 876 824 475 394 732 35 133 397 4 78 754 981 507 841 826 836 516 166 479 23 569 125 772 555 420 307 96 292 426 634 728 202 44 710 476 34 427 495 844 990 890 464 296 442 836 613 791 185 379 
847 823 778 249 7 184 200 885 146 933 754 433 191 498 963 113 940 830 143 90 434 320 804 83 107 55 864 966 773 457 886 914 271 399 357 542 654 981 599 210 174 94 556 569 886 419 543 205 379 822 0 824 475 394 732 35 133 397 4 78 754 981 507 841 826 836 516 166 479 23 569 125 772 555 420 307 96 292 426 634 728 202 44 710 476 34 427 495 844 990 890 464 296 442 836 613 791 185 493 876 
823 778 249 7 184 200 885 146 933 754 433 191 498 963 113 940 830 143 90 434 320 804 83 107 55 864 966 773 457 886 914 271 399 357 542 654 981 599 210 174 94 556 569 886 419 543 205 379 822 876 824 0 394 732 35 133 397 4 78 754 981 507 841 826 836 516 166 479 23 569 125 772 555 420 307 96 292 426 634 728 202 44 710 476 34 427 495 844 990 890 464 296 442 836 613 791 185 493 847 475 
778 249 7 184 200 885 146 933 754 433 191 498 963 113 940 830 143 90 434 320 804 83 107 55 864 966 773 457 886 914 271 399 357 542 654 981 599 210 174 94 556 569 886 419 543 205 379 822 876 824 475 394 0 35 133 397 4 78 754 981 507 841 826 836 516 166 479 23 569 125 772 555 420 307 96 292 426 634 728 202 44 710 476 34 427 495 844 990 890 464 296 442 836 613 791 185 493 847 823 732 
249 7 184 200 885 146 933 754 433 191 498 963 113 940 830 143 90 434 320 804 83 107 55 864 966 773 457 886 914 271 399 357 542 654 981 599 210 174 94 556 569 886 419 543 205 379 822 876 824 475 394 732 35 0 397 4 78 754 981 507 841 826 836 516 166 479 23 569 125 772 555 420 307 96 292 426 634 728 202 44 710 476 34 427 495 844 990 890 464 296 442 836 613 791 185 493 847 823 778 133 
7 184 200 885 146 933 754 433 191 498 963 113 940 830 143 90 434 320 804 83 107 55 864 966 773 457 886 914 271 399 357 542 654 981 599 210 174 94 556 569 886 419 543 205 379 822 876 824 475 394 732 35 133 397 0 78 754 981 507 841 826 836 516 166 479 23 569 125 772 555 420 307 96 292 426 634 728 202 44 710 476 34 427 495 844 990 890 464 296 442 836 613 791 185 493 847 823 778 249 4 
184 200 885 146 933 754 433 191 498 963 113 940 830 143 90 434 320 804 83 107 55 864 966 773 457 886 914 271 399 357 542 654 981 599 210 174 94 556 569 886 419 543 205 379 822 876 824 475 394 732 35 133 397 4 78 0 981 507 841 826 836 516 166 479 23 569 125 772 555 420 307 96 292 426 634 728 202 44 710 476 34 427 495 844 990 890 464 296 442 836 613 791 185 493 847 823 778 249 7 754 
200 885 146 933 754 433 191 498 963 113 940 830 143 90 434 320 804 83 107 55 864 966 773 457 886 914 271 399 357 542 654 981 599 210 174 94 556 569 886 419 543 205 379 822 876 824 475 394 732 35 133 397 4 78 754 981 0 841 826 836 516 166 479 23 569 125 772 555 420 307 96 292 426 634 728 202 44 710 476 34 427 495 844 990 890 464 296 442 836 613 791 185 493 847 823 778 249 7 184 507 
885 146 933 754 433 191 498 963 113 940 830 143 90 434 320 804 83 107 55 864 966 773 457 886 914 271 399 357 542 654 981 599 210 174 94 556 569 886 419 543 205 379 822 876 824 475 394 732 35 133 397 4 78 754 981 507 841 0 836 516 166 479 23 569 125 772 555 420 307 96 292 426 634 728 202 44 710 476 34 427 495 844 990 890 464 296 442 836 613 791 185 493 847 823 778 249 7 184 200 826 
146 933 754 433 191 498 963 113 940 830 143 90 434 320 804 83 107 55 864 966 773 457 886 914 271 399 357 542 654 981 599 210 174 94 556 569 886 419 543 205 379 822 876 824 475 394 732 35 133 397 4 78 754 981 507 841 826 836 0 166 479 23 569 125 772 555 420 307 96 292 426 634 728 202 44 710 476 34 427 495 844 990 890 464 296 442 836 613 791 185 493 847 823 778 249 7 184 200 885 516 
933 754 433 191 498 963 113 940 830 143 90 434 320 804 83 107 55 864 966 773 457 886 914 271 399 357 542 654 981 599 210 174 94 556 569 886 419 543 205 379 822 876 824 475 394 732 35 133 397 4 78 754 981 507 841 826 836 516 166 0 23 569 125 772 555 420 307 96 292 426 634 728 202 44 710 476 34 427 495 844 990 890 464 296 442 836 613 791 185 493 847 823 778 249 7 184 200 885 146 479 
754 433 191 498 963 113 940 830 143 90 434 320 804 83 107 55 864 966 773 457 886 914 271 399 357 542 654 981 599 210 174 94 556 569 886 419 543 205 379 822 876 824 475 394 732 35 133 397 4 78 754 981 507 841 826 836 516 166 479 23 0 125 772 555 420 307 96 292 426 634 728 202 44 710 476 34 427 495 844 990 890 464 296 442 836 613 791 185 493 847 823 778 249 7 184 200 885 146 933 569 
433 191 498 963 113 940 830 143 90 434 320 804 83 107 55 864 966 773 457 886 914 271 399 357 542 654 981 599 210 174 94 556 569 886 419 543 205 379 822 876 824 475 394 732 35 133 397 4 78 754 981 507 841 826 836 516 166 479 23 569 125 0 555 420 307 96 292 426 634 728 202 44 710 476 34 427 495 844 990 890 464 296 442 836 613 791 185 493 847 823 778 249 7 184 200 885 146 933 754 772 
191 498 963 113 940 830 143 90 434 320 804 83 107 55 864 966 773 457 886 914 271 399 357 542 654 981 599 210 174 94 556 569 886 419 543 205 379 822 876 824 475 394 732 35 133 397 4 78 754 981 507 841 826 836 516 166 479 23 569 125 772 555 0 307 96 292 426 634 728 202 44 710 476 34 427 495 844 990 890 464 296 442 836 613 791 185 493 847 823 778 249 7 184 200 885 146 933 754 433 420 
498 963 113 940 830 143 90 434 320 804 83 107 55 864 966 773 457 886 914 271 399 357 542 654 981 599 210 174 94 556 569 886 419 543 205 379 822 876 824 475 394 732 35 133 397 4 78 754 981 507 841 826 836 516 166 479 23 569 125 772 555 420 307 0 292 426 634 728 202 44 710 476 34 427 495 844 990 890 464 296 442 836 613 791 185 493 847 823 778 249 7 184 200 885 146 933 754 433 191 96 
963 113 940 830 143 90 434 320 804 83 107 55 864 966 773 457 886 914 271 399 357 542 654 981 599 210 174 94 556 569 886 419 543 205 379 822 876 824 475 394 732 35 133 397 4 78 754 981 507 841 826 836 516 166 479 23 569 125 772 555 420 307 96 292 0 634 728 202 44 710 476 34 427 495 844 990 890 464 296 442 836 613 791 185 493 847 823 778 249 7 184 200 885 146 933 754 433 191 498 426 
113 940 830 143 90 434 320 804 83 107 55 864 966 773 457 886 914 271 399 357 542 654 981 599 210 174 94 556 569 886 419 543 205 379 822 876 824 475 394 732 35 133 397 4 78 754 981 507 841 826 836 516 166 479 23 569 125 772 555 420 307 96 292 426 634 0 202 44 710 476 34 427 495 844 990 890 464 296 442 836 613 791 185 493 847 823 778 249 7 184 200 885 146 933 754 433 191 498 963 728 
940 830 143 90 434 320 804 83 107 55 864 966 773 457 886 914 271 399 357 542 654 981 599 210 174 94 556 569 886 419 543 205 379 822 876 824 475 394 732 35 133 397 4 78 754 981 507 841 826 836 516 166 479 23 569 125 772 555 420 307 96 292 426 634 728 202 0 710 476 34 427 495 844 990 890 464 296 442 836 613 791 185 493 847 823 778 249 7 184 200 885 146 933 754 433 191 498 963 113 44 
830 143 90 434 320 804 83 107 55 864 966 773 457 886 914 271 399 357 542 654 981 599 210 174 94 556 569 886 419 543 205 379 822 876 824 475 394 732 35 133 397 4 78 754 981 507 841 826 836 516 166 479 23 569 125 772 555 420 307 96 292 426 634 728 202 44 710 0 34 427 495 844 990 890 464 296 442 836 613 791 185 493 847 823 778 249 7 184 200 885 146 933 754 433 191 498 963 113 940 476 
143 90 434 320 804 83 107 55 864 966 773 457 886 914 271 399 357 542 654 981 599 210 174 94 556 569 886 419 543 205 379 822 876 824 475 394 732 35 133 397 4 78 754 981 507 841 826 836 516 166 479 23 569 125 772 555 420 307 96 292 426 634 728 202 44 710 476 34 0 495 844 990 890 464 296 442 836 613 791 185 493 847 823 778 249 7 184 200 885 146 933 754 433 191 498 963 113 940 830 427 
90 434 320 804 83 107 55 864 966 773 457 886 914 271 399 357 542 654 981 599 210 174 94 556 569 886 419 543 205 379 822 876 824 475 394 732 35 133 397 4 78 754 981 507 841 826 836 516 166 479 23 569 125 772 555 420 307 96 292 426 634 728 202 44 710 476 34 427 495 0 990 890 464 296 442 836 613 791 185 493 847 823 778 249 7 184 200 885 146 933 754 433 191 498 963 113 940 830 143 844 
434 320 804 83 107 55 864 966 773 457 886 914 271 399 357 542 654 981 599 210 174 94 556 569 886 419 543 205 379 822 876 824 475 394 732 35 133 397 4 78 754 981 507 841 826 836 516 166 479 23 569 125 772 555 420 307 96 292 426 634 728 202 44 710 476 34 427 495 844 990 0 464 296 442 836 613 791 185 493 847 823 778 249 7 184 200 885 146 933 754 433 191 498 963 113 940 830 143 90 890 
320 804 83 107 55 864 966 773 457 886 914 271 399 357 542 654 981 599 210 174 94 556 569 886 419 543 205 379 822 876 824 475 394 732 35 133 397 4 78 754 981 507 841 826 836 516 166 479 23 569 125 772 555 420 307 96 292 426 634 728 202 44 710 476 34 427 495 844 990 890 464 0 442 836 613 791 185 493 847 823 778 249 7 184 200 885 146 933 754 433 191 498 963 113 940 830 143 90 434 296 
804 83 107 55 864 966 773 457 886 914 271 399 357 542 654 981 599 210 174 94 556 569 886 419 543 205 379 822 876 824 475 394 732 35 133 397 4 78 754 981 507 841 826 836 516 166 479 23 569 125 772 555 420 307 96 292 426 634 728 202 44 710 476 34 427 495 844 990 890 464 296 442 0 613 791 185 493 847 823 778 249 7 184 200 885 146 933 754 433 191 498 963 113 940 830 143 90 434 320 836 
83 107 55 864 966 773 457 886 914 271 399 357 542 654 981 599 210 174 94 556 569 886 419 543 205 379 822 876 824 475 394 732 35 133 397 4 78 754 981 507 841 826 836 516 166 479 23 569 125 772 555 420 307 96 292 426 634 728 202 44 710 476 34 427 495 844 990 890 464 296 442 836 613 0 185 493 847 823 778 249 7 184 200 885 146 933 754 433 191 498 963 113 940 830 143 90 434 320 804 791 
107 55 864 966 773 457 886 914 271 399 357 542 654 981 599 210 174 94 556 569 886 419 543 205 379 822 876 824 475 394 732 35 133 397 4 78 754 981 507 841 826 836 516 166 479 23 569 125 772 555 420 307 96 292 426 634 728 202 44 710 476 34 427 495 844 990 890 464 296 442 836 613 791 185 0 847 823 778 249 7 184 200 885 146 933 754 433 191 498 963 113 940 830 143 90 434 320 804 83 493 
55 864 966 773 457 886 914 271 399 357 542 654 981 599 210 174 94 556 569 886 419 543 205 379 822 876 824 475 394 732 35 133 397 4 78 754 981 507 841 826 836 516 166 479 23 569 125 772 555 420 307 96 292 426 634 728 202 44 710 476 34 427 495 844 990 890 464 296 442 836 613 791 185 493 847 0 778 249 7 184 200 885 146 933 754 433 191 498 963 113 940 830 143 90 434 320 804 83 107 823 
864 966 773 457 886 914 271 399 357 542 654 981 599 210 174 94 556 569 886 419 543 205 379 822 876 824 475 394 732 35 133 397 4 78 754 981 507 841 826 836 516 166 479 23 569 125 772 555 420 307 96 292 426 634 728 202 44 710 476 34 427 495 844 990 890 464 296 442 836 613 791 185 493 847 823 778 0 7 184 200 885 146 933 754 433 191 498 963 113 940 830 143 90 434 320 804 83 107 55 249 
966 773 457 886 914 271 399 357 542 654 981 599 210 174 94 556 569 886 419 543 205 379 822 876 824 475 394 732 35 133 397 4 78 754 981 507 841 826 836 516 166 479 23 569 125 772 555 420 307 96 292 426 634 728 202 44 710 476 34 427 495 844 990 890 464 296 442 836 613 791 185 493 847 823 778 249 7 0 200 885 146 933 754 433 191 498 963 113 940 830 143 90 434 320 804 83 107 55 864 184 
773 457 886 914 271 399 357 542 654 981 599 210 174 94 556 569 886 419 543 205 379 822 876 824 475 394 732 35 133 397 4 78 754 981 507 841 826 836 516 166 479 23 569 125 772 555 420 307 96 292 426 634 728 202 44 710 476 34 427 495 844 990 890 464 296 442 836 613 791 185 493 847 823 778 249 7 184 200 0 146 933 754 433 191 498 963 113 940 830 143 90 434 320 804 83 107 55 864 966 885 
457 886 914 271 399 357 542 654 981 599 210 174 94 556 569 886 419 543 205 379 822 876 824 475 394 732 35 133 397 4 78 754 981 507 841 826 836 516 166 479 23 569 125 772 555 420 307 96 292 426 634 728 202 44 710 476 34 427 495 844 990 890 464 296 442 836 613 791 185 493 847 823 778 249 7 184 200 885 146 0 754 433 191 498 963 113 940 830 143 90 434 320 804 83 107 55 864 966 773 933 
886 914 271 399 357 542 654 981 599 210 174 94 556 569 886 419 543 205 379 822 876 824 475 394 732 35 133 397 4 78 754 981 507 841 826 836 516 166 479 23 569 125 772 555 420 307 96 292 426 634 728 202 44 710 476 34 427 495 844 990 890 464 296 442 836 613 791 185 493 847 823 778 249 7 184 200 885 146 933 754 0 191 498 963 113 940 830 143 90 434 320 804 83 107 55 864 966 773 457 433 
914 271 399 357 542 654 981 599 210 174 94 556 569 886 419 543 205 379 822 876 824 475 394 732 35 133 397 4 78 754 981 507 841 826 836 516 166 479 23 569 125 772 555 420 307 96 292 426 634 728 202 44 710 476 34 427 495 844 990 890 464 296 442 836 613 791 185 493 847 823 778 249 7 184 200 885 146 933 754 433 191 0 963 113 940 830 143 90 434 320 804 83 107 55 864 966 773 457 886 498 
271 399 357 542 654 981 599 210 174 94 556 569 886 419 543 205 379 822 876 824 475 394 732 35 133 397 4 78 754 981 507 841 826 836 516 166 479 23 569 125 772 555 420 307 96 292 426 634 728 202 44 710 476 34 427 495 844 990 890 464 296 442 836 613 791 185 493 847 823 778 249 7 184 200 885 146 933 754 433 191 498 963 0 940 830 143 90 434 320 804 83 107 55 864 966 773 457 886 914 113 
399 357 542 654 981 599 210 174 94 556 569 886 419 543 205 379 822 876 824 475 394 732 35 133 397 4 78 754 981 507 841 826 836 516 166 479 23 569 125 772 555 420 307 96 292 426 634 728 202 44 710 476 34 427 495 844 990 890 464 296 442 836 613 791 185 493 847 823 778 249 7 184 200 885 146 933 754 433 191 498 963 113 940 0 143 90 434 320 804 83 107 55 864 966 773 457 886 914 271 830 
357 542 654 981 599 210 174 94 556 569 886 419 543 205 379 822 876 824 475 394 732 35 133 397 4 78 754 981 507 841 826 836 516 166 479 23 569 125 772 555 420 307 96 292 426 634 728 202 44 710 476 34 427 495 844 990 890 464 296 442 836 613 791 185 493 847 823 778 249 7 184 200 885 146 933 754 433 191 498 963 113 940 830 143 0 434 320 804 83 107 55 864 966 773 457 886 914 271 399 90 
542 654 981 599 210 174 94 556 569 886 419 543 205 379 822 876 824 475 394 732 35 133 397 4 78 754 981 507 841 826 836 516 166 479 23 569 125 772 555 420 307 96 292 426 634 728 202 44 710 476 34 427 495 844 990 890 464 296 442 836 613 791 185 493 847 823 778 249 7 184 200 885 146 933 754 433 191 498 963 113 940 830 143 90 434 0 804 83 107 55 864 966 773 457 886 914 271 399 357 320 
654 981 599 210 174 94 556 569 886 419 543 205 379 822 876 824 475 394 732 35 133 397 4 78 754 981 507 841 826 836 516 166 479 23 569 125 772 555 420 307 96 292 426 634 728 202 44 710 476 34 427 495 844 990 890 464 296 442 836 613 791 185 493 847 823 778 249 7 184 200 885 146 933 754 433 191 498 963 113 940 830 143 90 434 320 804 0 107 55 864 966 773 457 886 914 271 399 357 542 83 
981 599 210 174 94 556 569 886 419 543 205 379 822 876 824 475 394 732 35 133 397 4 78 754 981 507 841 826 836 516 166 479 23 569 125 772 555 420 307 96 292 426 634 728 202 44 710 476 34 427 495 844 990 890 464 296 442 836 613 791 185 493 847 823 778 249 7 184 200 885 146 933 754 433 191 498 963 113 940 830 143 90 434 320 804 83 107 0 864 966 773 457 886 914 271 399 357 542 654 55 
599 210 174 94 556 569 886 419 543 205 379 822 876 824 475 394 732 35 133 397 4 78 754 981 507 841 826 836 516 166 479 23 569 125 772 555 420 307 96 292 426 634 728 202 44 710 476 34 427 495 844 990 890 464 296 442 836 613 791 185 493 847 823 778 249 7 184 200 885 146 933 754 433 191 498 963 113 940 830 143 90 434 320 804 83 107 55 864 0 773 457 886 914 271 399 357 542 654 981 966 
210 174 94 556 569 886 419 543 205 379 822 876 824 475 394 732 35 133 397 4 78 754 981 507 841 826 836 516 166 479 23 569 125 772 555 420 307 96 292 426 634 728 202 44 710 476 34 427 495 844 990 890 464 296 442 836 613 791 185 493 847 823 778 249 7 184 200 885 146 933 754 433 191 498 963 113 940 830 143 90 434 320 804 83 107 55 864 966 773 0 886 914 271 399 357 542 654 981 599 457 
174 94 556 569 886 419 543 205 379 822 876 824 475 394 732 35 133 397 4 78 754 981 507 841 826 836 516 166 479 23 569 125 772 555 420 307 96 292 426 634 728 202 44 710 476 34 427 495 844 990 890 464 296 442 836 613 791 185 493 847 823 778 249 7 184 200 885 146 933 754 433 191 498 963 113 940 830 143 90 434 320 804 83 107 55 864 966 773 457 886 0 271 399 357 542 654 981 599 210 914 
94 556 569 886 419 543 205 379 822 876 824 475 394 732 35 133 397 4 78 754 981 507 841 826 836 516 166 479 23 569 125 772 555 420 307 96 292 426 634 728 202 44 710 476 34 427 495 844 990 890 464 296 442 836 613 791 185 493 847 823 778 249 7 184 200 885 146 933 754 433 191 498 963 113 940 830 143 90 434 320 804 83 107 55 864 966 773 457 886 914 271 0 357 542 654 981 599 210 174 399 
556 569 886 419 543 205 379 822 876 824 475 394 732 35 133 397 4 78 754 981 507 841 826 836 516 166 479 23 569 125 772 555 420 307 96 292 426 634 728 202 44 710 476 34 427 495 844 990 890 464 296 442 836 613 791 185 493 847 823 778 249 7 184 200 885 146 933 754 433 191 498 963 113 940 830 143 90 434 320 804 83 107 55 864 966 773 457 886 914 271 399 357 0 654 981 599 210 174 94 542 
569 886 419 543 205 379 822 876 824 475 394 732 35 133 397 4 78 754 981 507 841 826 836 516 166 479 23 569 125 772 555 420 307 96 292 426 634 728 202 44 710 476 34 427 495 844 990 890 464 296 442 836 613 791 185 493 847 823 778 249 7 184 200 885 146 933 754 433 191 498 963 113 940 830 143 90 434 320 804 83 107 55 864 966 773 457 886 914 271 399 357 542 654 0 599 210 174 94 556 981 
886 419 543 205 379 822 876 824 475 394 732 35 133 397 4 78 754 981 507 841 826 836 516 166 479 23 569 125 772 555 420 307 96 292 426 634 728 202 44 710 476 34 427 495 844 990 890 464 296 442 836 613 791 185 493 847 823 778 249 7 184 200 885 146 933 754 433 191 498 963 113 940 830 143 90 434 320 804 83 107 55 864 966 773 457 886 914 271 399 357 542 654 981 599 0 174 94 556 569 210 
419 543 205 379 822 876 824 475 394 732 35 133 397 4 78 754 981 507 841 826 836 516 166 479 23 569 125 772 555 420 307 96 292 426 634 728 202 44 710 476 34 427 495 844 990 890 464 296 442 836 613 791 185 493 847 823 778 249 7 184 200 885 146 933 754 433 191 498 963 113 940 830 143 90 434 320 804 83 107 55 864 966 773 457 886 914 271 399 357 542 654 981 599 210 174 0 556 569 886 94 
543 205 379 822 876 824 475 394 732 35 133 397 4 78 754 981 507 841 826 836 516 166 479 23 569 125 772 555 420 307 96 292 426 634 728 202 44 710 476 34 427 495 844 990 890 464 296 442 836 613 791 185 493 847 823 778 249 7 184 200 885 146 933 754 433 191 498 963 113 940 830 143 90 434 320 804 83 107 55 864 966 773 457 886 914 271 399 357 542 654 981 599 210 174 94 556 0 886 419 569 
205 379 822 876 824 475 394 732 35 133 397 4 78 754 981 507 841 826 836 516 166 479 23 569 125 772 555 420 307 96 292 426 634 728 202 44 710 476 34 427 495 844 990 890 464 296 442 836 613 791 185 493 847 823 778 249 7 184 200 885 146 933 754 433 191 498 963 113 940 830 143 90 434 320 804 83 107 55 864 966 773 457 886 914 271 399 357 542 654 981 599 210 174 94 556 569 886 0 543 419 
379 822 876 824 475 394 732 35 133 397 4 78 754 981 507 841 826 836 516 166 479 23 569 125 772 555 420 307 96 292 426 634 728 202 44 710 476 34 427 495 844 990 890 464 296 442 836 613 791 185 493 847 823 778 249 7 184 200 885 146 933 754 433 191 498 963 113 940 830 143 90 434 320 804 83 107 55 864 966 773 457 886 914 271 399 357 542 654 981 599 210 174 94 556 569 886 419 543 0 205 
822 824 394 35 397 78 981 841 836 166 23 125 555 307 292 634 202 710 34 495 990 464 442 613 185 847 778 7 200 146 754 191 963 940 143 434 804 107 864 773 886 271 357 654 599 174 556 886 543 379 876 475 732 133 4 754 507 826 516 479 569 772 420 96 426 728 44 476 427 844 890 296 836 791 493 823 249 184 885 933 433 498 113 830 90 320 83 55 966 457 914 399 542 981 210 94 569 419 205 0 
