0 34 310 350 984 651 535 985 471 406 935 734 520 985 188 507 724 726 380 358 210 769 413 614 218 834 360 637 920 170 432 307 7 293 325 87 600 222 317 895 576 770 310 631 444 502 309 846 925 618 651 53 475 850 289 972 808 450 835 541 297 399 26 925 415 317 996 340 913 248 443 402 381 448 888 733 3 112 565 929 238 589 286 241 7 514 871 658 799 889 
34 0 350 984 651 535 985 471 406 935 734 520 985 188 507 724 726 380 358 210 769 413 614 218 834 360 637 920 170 432 307 7 293 325 87 600 222 317 895 576 770 310 631 444 502 309 846 925 618 651 53 475 850 289 972 808 450 835 541 297 399 26 925 415 317 996 340 913 248 443 402 381 448 888 733 3 112 565 929 238 589 286 241 7 514 871 658 799 889 310 
310 350 0 651 535 985 471 406 935 734 520 985 188 507 724 726 380 358 210 769 413 614 218 834 360 637 920 170 432 307 7 293 325 87 600 222 317 895 576 770 310 631 444 502 309 846 925 618 651 53 475 850 289 972 808 450 835 541 297 399 26 925 415 317 996 340 913 248 443 402 381 448 888 733 3 112 565 929 238 589 286 241 7 514 871 658 799 889 34 984 
350 984 651 0 985 471 406 935 734 520 985 188 507 724 726 380 358 210 769 413 614 218 834 360 637 920 170 432 307 7 293 325 87 600 222 317 895 576 770 310 631 444 502 309 846 925 618 651 53 475 850 289 972 808 450 835 541 297 399 26 925 415 317 996 340 913 248 443 402 381 448 888 733 3 112 565 929 238 589 286 241 7 514 871 658 799 889 34 310 535 
984 651 535 985 0 406 935 734 520 985 188 507 724 726 380 358 210 769 413 614 218 834 360 637 920 170 432 307 7 293 325 87 600 222 317 895 576 770 310 631 444 502 309 846 925 618 651 53 475 850 289 972 808 450 835 541 297 399 26 925 415 317 996 340 913 248 443 402 381 448 888 733 3 112 565 929 238 589 286 241 7 514 871 658 799 889 34 310 350 471 
651 535 985 471 406 0 734 520 985 188 507 724 726 380 358 210 769 413 614 218 834 360 637 920 170 432 307 7 293 325 87 600 222 317 895 576 770 310 631 444 502 309 846 925 618 651 53 475 850 289 972 808 450 835 541 297 399 26 925 415 317 996 340 913 248 443 402 381 448 888 733 3 112 565 929 238 589 286 241 7 514 871 658 799 889 34 310 350 984 935 
535 985 471 406 935 734 0 985 188 507 724 726 380 358 210 769 413 614 218 834 360 637 920 170 432 307 7 293 325 87 600 222 317 895 576 770 310 631 444 502 309 846 925 618 651 53 475 850 289 972 808 450 835 541 297 399 26 925 415 317 996 340 913 248 443 402 381 448 888 733 3 112 565 929 238 589 286 241 7 514 871 658 799 889 34 310 350 984 651 520 
985 471 406 935 734 520 985 0 507 724 726 380 358 210 769 413 614 218 834 360 637 920 170 432 307 7 293 325 87 600 222 317 895 576 770 310 631 444 502 309 846 925 618 651 53 475 850 289 972 808 450 835 541 297 399 26 925 415 317 996 340 913 248 443 402 381 448 888 733 3 112 565 929 238 589 286 241 7 514 871 658 799 889 34 310 350 984 651 535 188 
471 406 935 734 520 985 188 507 0 726 380 358 210 769 413 614 218 834 360 637 920 170 432 307 7 293 325 87 600 222 317 895 576 770 310 631 444 502 309 846 925 618 651 53 475 850 289 972 808 450 835 541 297 399 26 925 415 317 996 340 913 248 443 402 381 448 888 733 3 112 565 929 238 589 286 241 7 514 871 658 799 889 34 310 350 984 651 535 985 724 
406 935 734 520 985 188 507 724 726 0 358 210 769 413 614 218 834 360 637 920 170 432 307 7 293 325 87 600 222 317 895 576 770 310 631 444 502 309 846 925 618 651 53 475 850 289 972 808 450 835 541 297 399 26 925 415 317 996 340 913 248 443 402 381 448 888 733 3 112 565 929 238 589 286 241 7 514 871 658 799 889 34 310 350 984 651 535 985 471 380 
935 734 520 985 188 507 724 726 380 358 0 769 413 614 218 834 360 637 920 170 432 307 7 293 325 87 600 222 317 895 576 770 310 631 444 502 309 846 925 618 651 53 475 850 289 972 808 450 835 541 297 399 26 925 415 317 996 340 913 248 443 402 381 448 888 733 3 112 565 929 238 589 286 241 7 514 871 658 799 889 34 310 350 984 651 535 985 471 406 210 
734 520 985 188 507 724 726 380 358 210 769 0 614 218 834 360 637 920 170 432 307 7 293 325 87 600 222 317 895 576 770 310 631 444 502 309 846 925 618 651 53 475 850 289 972 808 450 835 541 297 399 26 925 415 317 996 340 913 248 443 402 381 448 888 733 3 112 565 929 238 589 286 241 7 514 871 658 799 889 34 310 350 984 651 535 985 471 406 935 413 
520 985 188 507 724 726 380 358 210 769 413 614 0 834 360 637 920 170 432 307 7 293 325 87 600 222 317 895 576 770 310 631 444 502 309 846 925 618 651 53 475 850 289 972 808 450 835 541 297 399 26 925 415 317 996 340 913 248 443 402 381 448 888 733 3 112 565 929 238 589 286 241 7 514 871 658 799 889 34 310 350 984 651 535 985 471 406 935 734 218 
985 188 507 724 726 380 358 210 769 413 614 218 834 0 637 920 170 432 307 7 293 325 87 600 222 317 895 576 770 310 631 444 502 309 846 925 618 651 53 475 850 289 972 808 450 835 541 297 399 26 925 415 317 996 340 913 248 443 402 381 448 888 733 3 112 565 929 238 589 286 241 7 514 871 658 799 889 34 310 350 984 651 535 985 471 406 935 734 520 360 
188 507 724 726 380 358 210 769 413 614 218 834 360 637 0 170 432 307 7 293 325 87 600 222 317 895 576 770 310 631 444 502 309 846 925 618 651 53 475 850 289 972 808 450 835 541 297 399 26 925 415 317 996 340 913 248 443 402 381 448 888 733 3 112 565 929 238 589 286 241 7 514 871 658 799 889 34 310 350 984 651 535 985 471 406 935 734 520 985 920 
507 724 726 380 358 210 769 413 614 218 834 360 637 920 170 0 307 7 293 325 87 600 222 317 895 576 770 310 631 444 502 309 846 925 618 651 53 475 850 289 972 808 450 835 541 297 399 26 925 415 317 996 340 913 248 443 402 381 448 888 733 3 112 565 929 238 589 286 241 7 514 871 658 799 889 34 310 350 984 651 535 985 471 406 935 734 520 985 188 432 
724 726 380 358 210 769 413 614 218 834 360 637 920 170 432 307 0 293 325 87 600 222 317 895 576 770 310 631 444 502 309 846 925 618 651 53 475 850 289 972 808 450 835 541 297 399 26 925 415 317 996 340 913 248 443 402 381 448 888 733 3 112 565 929 238 589 286 241 7 514 871 658 799 889 34 310 350 984 651 535 985 471 406 935 734 520 985 188 507 7 
726 380 358 210 769 413 614 218 834 360 637 920 170 432 307 7 293 0 87 600 222 317 895 576 770 310 631 444 502 309 846 925 618 651 53 475 850 289 972 808 450 835 541 297 399 26 925 415 317 996 340 913 248 443 402 381 448 888 733 3 112 565 929 238 589 286 241 7 514 871 658 799 889 34 310 350 984 651 535 985 471 406 935 734 520 985 188 507 724 325 
380 358 210 769 413 614 218 834 360 637 920 170 432 307 7 293 325 87 0 222 317 895 576 770 310 631 444 502 309 846 925 618 651 53 475 850 289 972 808 450 835 541 297 399 26 925 415 317 996 340 913 248 443 402 381 448 888 733 3 112 565 929 238 589 286 241 7 514 871 658 799 889 34 310 350 984 651 535 985 471 406 935 734 520 985 188 507 724 726 600 
358 210 769 413 614 218 834 360 637 920 170 432 307 7 293 325 87 600 222 0 895 576 770 310 631 444 502 309 846 925 618 651 53 475 850 289 972 808 450 835 541 297 399 26 925 415 317 996 340 913 248 443 402 381 448 888 733 3 112 565 929 238 589 286 241 7 514 871 658 799 889 34 310 350 984 651 535 985 471 406 935 734 520 985 188 507 724 726 380 317 
210 769 413 614 218 834 360 637 920 170 432 307 7 293 325 87 600 222 317 895 0 770 310 631 444 502 309 846 925 618 651 53 475 850 289 972 808 450 835 541 297 399 26 925 415 317 996 340 913 248 443 402 381 448 888 733 3 112 565 929 238 589 286 241 7 514 871 658 799 889 34 310 350 984 651 535 985 471 406 935 734 520 985 188 507 724 726 380 358 576 
769 413 614 218 834 360 637 920 170 432 307 7 293 325 87 600 222 317 895 576 770 0 631 444 502 309 846 925 618 651 53 475 850 289 972 808 450 835 541 297 399 26 925 415 317 996 340 913 248 443 402 381 448 888 733 3 112 565 929 238 589 286 241 7 514 871 658 799 889 34 310 350 984 651 535 985 471 406 935 734 520 985 188 507 724 726 380 358 210 310 
413 614 218 834 360 637 920 170 432 307 7 293 325 87 600 222 317 895 576 770 310 631 0 502 309 846 925 618 651 53 475 850 289 972 808 450 835 541 297 399 26 925 415 317 996 340 913 248 443 402 381 448 888 733 3 112 565 929 238 589 286 241 7 514 871 658 799 889 34 310 350 984 651 535 985 471 406 935 734 520 985 188 507 724 726 380 358 210 769 444 
614 218 834 360 637 920 170 432 307 7 293 325 87 600 222 317 895 576 770 310 631 444 502 0 846 925 618 651 53 475 850 289 972 808 450 835 541 297 399 26 925 415 317 996 340 913 248 443 402 381 448 888 733 3 112 565 929 238 589 286 241 7 514 871 658 799 889 34 310 350 984 651 535 985 471 406 935 734 520 985 188 507 724 726 380 358 210 769 413 309 
218 834 360 637 920 170 432 307 7 293 325 87 600 222 317 895 576 770 310 631 444 502 309 846 0 618 651 53 475 850 289 972 808 450 835 541 297 399 26 925 415 317 996 340 913 248 443 402 381 448 888 733 3 112 565 929 238 589 286 241 7 514 871 658 799 889 34 310 350 984 651 535 985 471 406 935 734 520 985 188 507 724 726 380 358 210 769 413 614 925 
834 360 637 920 170 432 307 7 293 325 87 600 222 317 895 576 770 310 631 444 502 309 846 925 618 0 53 475 850 289 972 808 450 835 541 297 399 26 925 415 317 996 340 913 248 443 402 381 448 888 733 3 112 565 929 238 589 286 241 7 514 871 658 799 889 34 310 350 984 651 535 985 471 406 935 734 520 985 188 507 724 726 380 358 210 769 413 614 218 651 
360 637 920 170 432 307 7 293 325 87 600 222 317 895 576 770 310 631 444 502 309 846 925 618 651 53 0 850 289 972 808 450 835 541 297 399 26 925 415 317 996 340 913 248 443 402 381 448 888 733 3 112 565 929 238 589 286 241 7 514 871 658 799 889 34 310 350 984 651 535 985 471 406 935 734 520 985 188 507 724 726 380 358 210 769 413 614 218 834 475 
637 920 170 432 307 7 293 325 87 600 222 317 895 576 770 310 631 444 502 309 846 925 618 651 53 475 850 0 972 808 450 835 541 297 399 26 925 415 317 996 340 913 248 443 402 381 448 888 733 3 112 565 929 238 589 286 241 7 514 871 658 799 889 34 310 350 984 651 535 985 471 406 935 734 520 985 188 507 724 726 380 358 210 769 413 614 218 834 360 289 
920 170 432 307 7 293 325 87 600 222 317 895 576 770 310 631 444 502 309 846 925 618 651 53 475 850 289 972 0 450 835 541 297 399 26 925 415 317 996 340 913 248 443 402 381 448 888 733 3 112 565 929 238 589 286 241 7 514 871 658 799 889 34 310 350 984 651 535 985 471 406 935 734 520 985 188 507 724 726 380 358 210 769 413 614 218 834 360 637 808 
170 432 307 7 293 325 87 600 222 317 895 576 770 310 631 444 502 309 846 925 618 651 53 475 850 289 972 808 450 0 541 297 399 26 925 415 317 996 340 913 248 443 402 381 448 888 733 3 112 565 929 238 589 286 241 7 514 871 658 799 889 34 310 350 984 651 535 985 471 406 935 734 520 985 188 507 724 726 380 358 210 769 413 614 218 834 360 637 920 835 
432 307 7 293 325 87 600 222 317 895 576 770 310 631 444 502 309 846 925 618 651 53 475 850 289 972 808 450 835 541 0 399 26 925 415 317 996 340 913 248 443 402 381 448 888 733 3 112 565 929 238 589 286 241 7 514 871 658 799 889 34 310 350 984 651 535 985 471 406 935 734 520 985 188 507 724 726 380 358 210 769 413 614 218 834 360 637 920 170 297 
307 7 293 325 87 600 222 317 895 576 770 310 631 444 502 309 846 925 618 651 53 475 850 289 972 808 450 835 541 297 399 0 925 415 317 996 340 913 248 443 402 381 448 888 733 3 112 565 929 238 589 286 241 7 514 871 658 799 889 34 310 350 984 651 535 985 471 406 935 734 520 985 188 507 724 726 380 358 210 769 413 614 218 834 360 637 920 170 432 26 
7 293 325 87 600 222 317 895 576 770 310 631 444 502 309 846 925 618 651 53 475 850 289 972 808 450 835 541 297 399 26 925 0 317 996 340 913 248 443 402 381 448 888 733 3 112 565 929 238 589 286 241 7 514 871 658 799 889 34 310 350 984 651 535 985 471 406 935 734 520 985 188 507 724 726 380 358 210 769 413 614 218 834 360 637 920 170 432 307 415 
293 325 87 600 222 317 895 576 770 310 631 444 502 309 846 925 618 651 53 475 850 289 972 808 450 835 541 297 399 26 925 415 317 0 340 913 248 443 402 381 448 888 733 3 112 565 929 238 589 286 241 7 514 871 658 799 889 34 310 350 984 651 535 985 471 406 935 734 520 985 188 507 724 726 380 358 210 769 413 614 218 834 360 637 920 170 432 307 7 996 
325 87 600 222 317 895 576 770 310 631 444 502 309 846 925 618 651 53 475 850 289 972 808 450 835 541 297 399 26 925 415 317 996 340 0 248 443 402 381 448 888 733 3 112 565 929 238 589 286 241 7 514 871 658 799 889 34 310 350 984 651 535 985 471 406 935 734 520 985 188 507 724 726 380 358 210 769 413 614 218 834 360 637 920 170 432 307 7 293 913 
87 600 222 317 895 576 770 310 631 444 502 309 846 925 618 651 53 475 850 289 972 808 450 835 541 297 399 26 925 415 317 996 340 913 248 0 402 381 448 888 733 3 112 565 929 238 589 286 241 7 514 871 658 799 889 34 310 350 984 651 535 985 471 406 935 734 520 985 188 507 724 726 380 358 210 769 413 614 218 834 360 637 920 170 432 307 7 293 325 443 
600 222 317 895 576 770 310 631 444 502 309 846 925 618 651 53 475 850 289 972 808 450 835 541 297 399 26 925 415 317 996 340 913 248 443 402 0 448 888 733 3 112 565 929 238 589 286 241 7 514 871 658 799 889 34 310 350 984 651 535 985 471 406 935 734 520 985 188 507 724 726 380 358 210 769 413 614 218 834 360 637 920 170 432 307 7 293 325 87 381 
222 317 895 576 770 310 631 444 502 309 846 925 618 651 53 475 850 289 972 808 450 835 541 297 399 26 925 415 317 996 340 913 248 443 402 381 448 0 733 3 112 565 929 238 589 286 241 7 514 871 658 799 889 34 310 350 984 651 535 985 471 406 935 734 520 985 188 507 724 726 380 358 210 769 413 614 218 834 360 637 920 170 432 307 7 293 325 87 600 888 
317 895 576 770 310 631 444 502 309 846 925 618 651 53 475 850 289 972 808 450 835 541 297 399 26 925 415 317 996 340 913 248 443 402 381 448 888 733 0 112 565 929 238 589 286 241 7 514 871 658 799 889 34 310 350 984 651 535 985 471 406 935 734 520 985 188 507 724 726 380 358 210 769 413 614 218 834 360 637 920 170 432 307 7 293 325 87 600 222 3 
895 576 770 310 631 444 502 309 846 925 618 651 53 475 850 289 972 808 450 835 541 297 399 26 925 415 317 996 340 913 248 443 402 381 448 888 733 3 112 0 929 238 589 286 241 7 514 871 658 799 889 34 310 350 984 651 535 985 471 406 935 734 520 985 188 507 724 726 380 358 210 769 413 614 218 834 360 637 920 170 432 307 7 293 325 87 600 222 317 565 
576 770 310 631 444 502 309 846 925 618 651 53 475 850 289 972 808 450 835 541 297 399 26 925 415 317 996 340 913 248 443 402 381 448 888 733 3 112 565 929 0 589 286 241 7 514 871 658 799 889 34 310 350 984 651 535 985 471 406 935 734 520 985 188 507 724 726 380 358 210 769 413 614 218 834 360 637 920 170 432 307 7 293 325 87 600 222 317 895 238 
770 310 631 444 502 309 846 925 618 651 53 475 850 289 972 808 450 835 541 297 399 26 925 415 317 996 340 913 248 443 402 381 448 888 733 3 112 565 929 238 589 0 241 7 514 871 658 799 889 34 310 350 984 651 535 985 471 406 935 734 520 985 188 507 724 726 380 358 210 769 413 614 218 834 360 637 920 170 432 307 7 293 325 87 600 222 317 895 576 286 
310 631 444 502 309 846 925 618 651 53 475 850 289 972 808 450 835 541 297 399 26 925 415 317 996 340 913 248 443 402 381 448 888 733 3 112 565 929 238 589 286 241 0 514 871 658 799 889 34 310 350 984 651 535 985 471 406 935 734 520 985 188 507 724 726 380 358 210 769 413 614 218 834 360 637 920 170 432 307 7 293 325 87 600 222 317 895 576 770 7 
631 444 502 309 846 925 618 651 53 475 850 289 972 808 450 835 541 297 399 26 925 415 317 996 340 913 248 443 402 381 448 888 733 3 112 565 929 238 589 286 241 7 514 0 658 799 889 34 310 350 984 651 535 985 471 406 935 734 520 985 188 507 724 726 380 358 210 769 413 614 218 834 360 637 920 170 432 307 7 293 325 87 600 222 317 895 576 770 310 871 
444 502 309 846 925 618 651 53 475 850 289 972 808 450 835 541 297 399 26 925 415 317 996 340 913 248 443 402 381 448 888 733 3 112 565 929 238 589 286 241 7 514 871 658 0 889 34 310 350 984 651 535 985 471 406 935 734 520 985 188 507 724 726 380 358 210 769 413 614 218 834 360 637 920 170 432 307 7 293 325 87 600 222 317 895 576 770 310 631 799 
502 309 846 925 618 651 53 475 850 289 972 808 450 835 541 297 399 26 925 415 317 996 340 913 248 443 402 381 448 888 733 3 112 565 929 238 589 286 241 7 514 871 658 799 889 0 310 350 984 651 535 985 471 406 935 734 520 985 188 507 724 726 380 358 210 769 413 614 218 834 360 637 920 170 432 307 7 293 325 87 600 222 317 895 576 770 310 631 444 34 
309 846 925 618 651 53 475 850 289 972 808 450 835 541 297 399 26 925 415 317 996 340 913 248 443 402 381 448 888 733 3 112 565 929 238 589 286 241 7 514 871 658 799 889 34 310 0 984 651 535 985 471 406 935 734 520 985 188 507 724 726 380 358 210 769 413 614 218 834 360 637 920 170 432 307 7 293 325 87 600 222 317 895 576 770 310 631 444 502 350 
846 925 618 651 53 475 850 289 972 808 450 835 541 297 399 26 925 415 317 996 340 913 248 443 402 381 448 888 733 3 112 565 929 238 589 286 241 7 514 871 658 799 889 34 310 350 984 0 535 985 471 406 935 734 520 985 188 507 724 726 380 358 210 769 413 614 218 834 360 637 920 170 432 307 7 293 325 87 600 222 317 895 576 770 310 631 444 502 309 651 
925 618 651 53 475 850 289 972 808 450 835 541 297 399 26 925 415 317 996 340 913 248 443 402 381 448 888 733 3 112 565 929 238 589 286 241 7 514 871 658 799 889 34 310 350 984 651 535 0 471 406 935 734 520 985 188 507 724 726 380 358 210 769 413 614 218 834 360 637 920 170 432 307 7 293 325 87 600 222 317 895 576 770 310 631 444 502 309 846 985 
618 651 53 475 850 289 972 808 450 835 541 297 399 26 925 415 317 996 340 913 248 443 402 381 448 888 733 3 112 565 929 238 589 286 241 7 514 871 658 799 889 34 310 350 984 651 535 985 471 0 935 734 520 985 188 507 724 726 380 358 210 769 413 614 218 834 360 637 920 170 432 307 7 293 325 87 600 222 317 895 576 770 310 631 444 502 309 846 925 406 
651 53 475 850 289 972 808 450 835 541 297 399 26 925 415 317 996 340 913 248 443 402 381 448 888 733 3 112 565 929 238 589 286 241 7 514 871 658 799 889 34 310 350 984 651 535 985 471 406 935 0 520 985 188 507 724 726 380 358 210 769 413 614 218 834 360 637 920 170 432 307 7 293 325 87 600 222 317 895 576 770 310 631 444 502 309 846 925 618 734 
53 475 850 289 972 808 450 835 541 297 399 26 925 415 317 996 340 913 248 443 402 381 448 888 733 3 112 565 929 238 589 286 241 7 514 871 658 799 889 34 310 350 984 651 535 985 471 406 935 734 520 0 188 507 724 726 380 358 210 769 413 614 218 834 360 637 920 170 432 307 7 293 325 87 600 222 317 895 576 770 310 631 444 502 309 846 925 618 651 985 
475 850 289 972 808 450 835 541 297 399 26 925 415 317 996 340 913 248 443 402 381 448 888 733 3 112 565 929 238 589 286 241 7 514 871 658 799 889 34 310 350 984 651 535 985 471 406 935 734 520 985 188 0 724 726 380 358 210 769 413 614 218 834 360 637 920 170 432 307 7 293 325 87 600 222 317 895 576 770 310 631 444 502 309 846 925 618 651 53 507 
850 289 972 808 450 835 541 297 399 26 925 415 317 996 340 913 248 443 402 381 448 888 733 3 112 565 929 238 589 286 241 7 514 871 658 799 889 34 310 350 984 651 535 985 471 406 935 734 520 985 188 507 724 0 380 358 210 769 413 614 218 834 360 637 920 170 432 307 7 293 325 87 600 222 317 895 576 770 310 631 444 502 309 846 925 618 651 53 475 726 
289 972 808 450 835 541 297 399 26 925 415 317 996 340 913 248 443 402 381 448 888 733 3 112 565 929 238 589 286 241 7 514 871 658 799 889 34 310 350 984 651 535 985 471 406 935 734 520 985 188 507 724 726 380 0 210 769 413 614 218 834 360 637 920 170 432 307 7 293 325 87 600 222 317 895 576 770 310 631 444 502 309 846 925 618 651 53 475 850 358 
972 808 450 835 541 297 399 26 925 415 317 996 340 913 248 443 402 381 448 888 733 3 112 565 929 238 589 286 241 7 514 871 658 799 889 34 310 350 984 651 535 985 471 406 935 734 520 985 188 507 724 726 380 358 210 0 413 614 218 834 360 637 920 170 432 307 7 293 325 87 600 222 317 895 576 770 310 631 444 502 309 846 925 618 651 53 475 850 289 769 
808 450 835 541 297 399 26 925 415 317 996 340 913 248 443 402 381 448 888 733 3 112 565 929 238 589 286 241 7 514 871 658 799 889 34 310 350 984 651 535 985 471 406 935 734 520 985 188 507 724 726 380 358 210 769 413 0 218 834 360 637 920 170 432 307 7 293 325 87 600 222 317 895 576 770 310 631 444 502 309 846 925 618 651 53 475 850 289 972 614 
450 835 541 297 399 26 925 415 317 996 340 913 248 443 402 381 448 888 733 3 112 565 929 238 589 286 241 7 514 871 658 799 889 34 310 350 984 651 535 985 471 406 935 734 520 985 188 507 724 726 380 358 210 769 413 614 218 0 360 637 920 170 432 307 7 293 325 87 600 222 317 895 576 770 310 631 444 502 309 846 925 618 651 53 475 850 289 972 808 834 
835 541 297 399 26 925 415 317 996 340 913 248 443 402 381 448 888 733 3 112 565 929 238 589 286 241 7 514 871 658 799 889 34 310 350 984 651 535 985 471 406 935 734 520 985 188 507 724 726 380 358 210 769 413 614 218 834 360 0 920 170 432 307 7 293 325 87 600 222 317 895 576 770 310 631 444 502 309 846 925 618 651 53 475 850 289 972 808 450 637 
541 297 399 26 925 415 317 996 340 913 248 443 402 381 448 888 733 3 112 565 929 238 589 286 241 7 514 871 658 799 889 34 310 350 984 651 535 985 471 406 935 734 520 985 188 507 724 726 380 358 210 769 413 614 218 834 360 637 920 0 432 307 7 293 325 87 600 222 317 895 576 770 310 631 444 502 309 846 925 618 651 53 475 850 289 972 808 450 835 170 
297 399 26 925 415 317 996 340 913 248 443 402 381 448 888 733 3 112 565 929 238 589 286 241 7 514 871 658 799 889 34 310 350 984 651 535 985 471 406 935 734 520 985 188 507 724 726 380 358 210 769 413 614 218 834 360 637 920 170 432 0 7 293 325 87 600 222 317 895 576 770 310 631 444 502 309 846 925 618 651 53 475 850 289 972 808 450 835 541 307 
399 26 925 415 317 996 340 913 248 443 402 381 448 888 733 3 112 565 929 238 589 286 241 7 514 871 658 799 889 34 310 350 984 651 535 985 471 406 935 734 520 985 188 507 724 726 380 358 210 769 413 614 218 834 360 637 920 170 432 307 7 0 325 87 600 222 317 895 576 770 310 631 444 502 309 846 925 618 651 53 475 850 289 972 808 450 835 541 297 293 
26 925 415 317 996 340 913 248 443 402 381 448 888 733 3 112 565 929 238 589 286 241 7 514 871 658 799 889 34 310 350 984 651 535 985 471 406 935 734 520 985 188 507 724 726 380 358 210 769 413 614 218 834 360 637 920 170 432 307 7 293 325 0 600 222 317 895 576 770 310 631 444 502 309 846 925 618 651 53 475 850 289 972 808 450 835 541 297 399 87 
925 415 317 996 340 913 248 443 402 381 448 888 733 3 112 565 929 238 589 286 241 7 514 871 658 799 889 34 310 350 984 651 535 985 471 406 935 734 520 985 188 507 724 726 380 358 210 769 413 614 218 834 360 637 920 170 432 307 7 293 325 87 600 0 317 895 576 770 310 631 444 502 309 846 925 618 651 53 475 850 289 972 808 450 835 541 297 399 26 222 
415 317 996 340 913 248 443 402 381 448 888 733 3 112 565 929 238 589 286 241 7 514 871 658 799 889 34 310 350 984 651 535 985 471 406 935 734 520 985 188 507 724 726 380 358 210 769 413 614 218 834 360 637 920 170 432 307 7 293 325 87 600 222 317 0 576 770 310 631 444 502 309 846 925 618 651 53 475 850 289 972 808 450 835 541 297 399 26 925 895 
317 996 340 913 248 443 402 381 448 888 733 3 112 565 929 238 589 286 241 7 514 871 658 799 889 34 310 350 984 651 535 985 471 406 935 734 520 985 188 507 724 726 380 358 210 769 413 614 218 834 360 637 920 170 432 307 7 293 325 87 600 222 317 895 576 0 310 631 444 502 309 846 925 618 651 53 475 850 289 972 808 450 835 541 297 399 26 925 415 770 
996 340 913 248 443 402 381 448 888 733 3 112 565 929 238 589 286 241 7 514 871 658 799 889 34 310 350 984 651 535 985 471 406 935 734 520 985 188 507 724 726 380 358 210 769 413 614 218 834 360 637 920 170 432 307 7 293 325 87 600 222 317 895 576 770 310 0 444 502 309 846 925 618 651 53 475 850 289 972 808 450 835 541 297 399 26 925 415 317 631 
340 913 248 443 402 381 448 888 733 3 112 565 929 238 589 286 241 7 514 871 658 799 889 34 310 350 984 651 535 985 471 406 935 734 520 985 188 507 724 726 380 358 210 769 413 614 218 834 360 637 920 170 432 307 7 293 325 87 600 222 317 895 576 770 310 631 444 0 309 846 925 618 651 53 475 850 289 972 808 450 835 541 297 399 26 925 415 317 996 502 
913 248 443 402 381 448 888 733 3 112 565 929 238 589 286 241 7 514 871 658 799 889 34 310 350 984 651 535 985 471 406 935 734 520 985 188 507 724 726 380 358 210 769 413 614 218 834 360 637 920 170 432 307 7 293 325 87 600 222 317 895 576 770 310 631 444 502 309 0 925 618 651 53 475 850 289 972 808 450 835 541 297 399 26 925 415 317 996 340 846 
248 443 402 381 448 888 733 3 112 565 929 238 589 286 241 7 514 871 658 799 889 34 310 350 984 651 535 985 471 406 935 734 520 985 188 507 724 726 380 358 210 769 413 614 218 834 360 637 920 170 432 307 7 293 325 87 600 222 317 895 576 770 310 631 444 502 309 846 925 0 651 53 475 850 289 972 808 450 835 541 297 399 26 925 415 317 996 340 913 618 
443 402 381 448 888 733 3 112 565 929 238 589 286 241 7 514 871 658 799 889 34 310 350 984 651 535 985 471 406 935 734 520 985 188 507 724 726 380 358 210 769 413 614 218 834 360 637 920 170 432 307 7 293 325 87 600 222 317 895 576 770 310 631 444 502 309 846 925 618 651 0 475 850 289 972 808 450 835 541 297 399 26 925 415 317 996 340 913 248 53 
402 381 448 888 733 3 112 565 929 238 589 286 241 7 514 871 658 799 889 34 310 350 984 651 535 985 471 406 935 734 520 985 188 507 724 726 380 358 210 769 413 614 218 834 360 637 920 170 432 307 7 293 325 87 600 222 317 895 576 770 310 631 444 502 309 846 925 618 651 53 475 0 289 972 808 450 835 541 297 399 26 925 415 317 996 340 913 248 443 850 
381 448 888 733 3 112 565 929 238 589 286 241 7 514 871 658 799 889 34 310 350 984 651 535 985 471 406 935 734 520 985 188 507 724 726 380 358 210 769 413 614 218 834 360 637 920 170 432 307 7 293 325 87 600 222 317 895 576 770 310 631 444 502 309 846 925 618 651 53 475 850 289 0 808 450 835 541 297 399 26 925 415 317 996 340 913 248 443 402 972 
448 888 733 3 112 565 929 238 589 286 241 7 514 871 658 799 889 34 310 350 984 651 535 985 471 406 935 734 520 985 188 507 724 726 380 358 210 769 413 614 218 834 360 637 920 170 432 307 7 293 325 87 600 222 317 895 576 770 310 631 444 502 309 846 925 618 651 53 475 850 289 972 808 0 835 541 297 399 26 925 415 317 996 340 913 248 443 402 381 450 
888 733 3 112 565 929 238 589 286 241 7 514 871 658 799 889 34 310 350 984 651 535 985 471 406 935 734 520 985 188 507 724 726 380 358 210 769 413 614 218 834 360 637 920 170 432 307 7 293 325 87 600 222 317 895 576 770 310 631 444 502 309 846 925 618 651 53 475 850 289 972 808 450 835 0 297 399 26 925 415 317 996 340 913 248 443 402 381 448 541 
733 3 112 565 929 238 589 286 241 7 514 871 658 799 889 34 310 350 984 651 535 985 471 406 935 734 520 985 188 507 724 726 380 358 210 769 413 614 218 834 360 637 920 170 432 307 7 293 325 87 600 222 317 895 576 770 310 631 444 502 309 846 925 618 651 53 475 850 289 972 808 450 835 541 297 0 26 925 415 317 996 340 913 248 443 402 381 448 888 399 
3 112 565 929 238 589 286 241 7 514 871 658 799 889 34 310 350 984 651 535 985 471 406 935 734 520 985 188 507 724 726 380 358 210 769 413 614 218 834 360 637 920 170 432 307 7 293 325 87 600 222 317 895 576 770 310 631 444 502 309 846 925 618 651 53 475 850 289 972 808 450 835 541 297 399 26 0 415 317 996 340 913 248 443 402 381 448 888 733 925 
112 565 929 238 589 286 241 7 514 871 658 799 889 34 310 350 984 651 535 985 471 406 935 734 520 985 188 507 724 726 380 358 210 769 413 614 218 834 360 637 920 170 432 307 7 293 325 87 600 222 317 895 576 770 310 631 444 502 309 846 925 618 651 53 475 850 289 972 808 450 835 541 297 399 26 925 415 0 996 340 913 248 443 402 381 448 888 733 3 317 
565 929 238 589 286 241 7 514 871 658 799 889 34 310 350 984 651 535 985 471 406 935 734 520 985 188 507 724 726 380 358 210 769 413 614 218 834 360 637 920 170 432 307 7 293 325 87 600 222 317 895 576 770 310 631 444 502 309 846 925 618 651 53 475 850 289 972 808 450 835 541 297 399 26 925 415 317 996 0 913 248 443 402 381 448 888 733 3 112 340 
929 238 589 286 241 7 514 871 658 799 889 34 310 350 984 651 535 985 471 406 935 734 520 985 188 507 724 726 380 358 210 769 413 614 218 834 360 637 920 170 432 307 7 293 325 87 600 222 317 895 576 770 310 631 444 502 309 846 925 618 651 53 475 850 289 972 808 450 835 541 297 399 26 925 415 317 996 340 913 0 443 402 381 448 888 733 3 112 565 248 
238 589 286 241 7 514 871 658 799 889 34 310 350 984 651 535 985 471 406 935 734 520 985 188 507 724 726 380 358 210 769 413 614 218 834 360 637 920 170 432 307 7 293 325 87 600 222 317 895 576 770 310 631 444 502 309 846 925 618 651 53 475 850 289 972 808 450 835 541 297 399 26 925 415 317 996 340 913 248 443 0 381 448 888 733 3 112 565 929 402 
589 286 241 7 514 871 658 799 889 34 310 350 984 651 535 985 471 406 935 734 520 985 188 507 724 726 380 358 210 769 413 614 218 834 360 637 920 170 432 307 7 293 325 87 600 222 317 895 576 770 310 631 444 502 309 846 925 618 651 53 475 850 289 972 808 450 835 541 297 399 26 925 415 317 996 340 913 248 443 402 381 0 888 733 3 112 565 929 238 448 
286 241 7 514 871 658 799 889 34 310 350 984 651 535 985 471 406 935 734 520 985 188 507 724 726 380 358 210 769 413 614 218 834 360 637 920 170 432 307 7 293 325 87 600 222 317 895 576 770 310 631 444 502 309 846 925 618 651 53 475 850 289 972 808 450 835 541 297 399 26 925 415 317 996 340 913 248 443 402 381 448 888 0 3 112 565 929 238 589 733 
241 7 514 871 658 799 889 34 310 350 984 651 535 985 471 406 935 734 520 985 188 507 724 726 380 358 210 769 413 614 218 834 360 637 920 170 432 307 7 293 325 87 600 222 317 895 576 770 310 631 444 502 309 846 925 618 651 53 475 850 289 972 808 450 835 541 297 399 26 925 415 317 996 340 913 248 443 402 381 448 888 733 3 0 565 929 238 589 286 112 
7 514 871 658 799 889 34 310 350 984 651 535 985 471 406 935 734 520 985 188 507 724 726 380 358 210 769 413 614 218 834 360 637 920 170 432 307 7 293 325 87 600 222 317 895 576 770 310 631 444 502 309 846 925 618 651 53 475 850 289 972 808 450 835 541 297 399 26 925 415 317 996 340 913 248 443 402 381 448 888 733 3 112 565 0 238 589 286 241 929 
514 871 658 799 889 34 310 350 984 651 535 985 471 406 935 734 520 985 188 507 724 726 380 358 210 769 413 614 218 834 360 637 920 170 432 307 7 293 325 87 600 222 317 895 576 770 310 631 444 502 309 846 925 618 651 53 475 850 289 972 808 450 835 541 297 399 26 925 415 317 996 340 913 248 443 402 381 448 888 733 3 112 565 929 238 0 286 241 7 589 
871 658 799 889 34 310 350 984 651 535 985 471 406 935 734 520 985 188 507 724 726 380 358 210 769 413 614 218 834 360 637 920 170 432 307 7 293 325 87 600 222 317 895 576 770 310 631 444 502 309 846 925 618 651 53 475 850 289 972 808 450 835 541 297 399 26 925 415 317 996 340 913 248 443 402 381 448 888 733 3 112 565 929 238 589 286 0 7 514 241 
658 799 889 34 310 350 984 651 535 985 471 406 935 734 520 985 188 507 724 726 380 358 210 769 413 614 218 834 360 637 920 170 432 307 7 293 325 87 600 222 317 895 576 770 310 631 444 502 309 846 925 618 651 53 475 850 289 972 808 450 835 541 297 399 26 925 415 317 996 340 913 248 443 402 381 448 888 733 3 112 565 929 238 589 286 241 7 0 871 514 
799 889 34 310 350 984 651 535 985 471 406 935 734 520 985 188 507 724 726 380 358 210 769 413 614 218 834 360 637 920 170 432 307 7 293 325 87 600 222 317 895 576 770 310 631 444 502 309 846 925 618 651 53 475 850 289 972 808 450 835 541 297 399 26 925 415 317 996 340 913 248 443 402 381 448 888 733 3 112 565 929 238 589 286 241 7 514 871 0 658 
889 310 984 535 471 935 520 188 724 380 210 413 218 360 920 432 7 325 600 317 576 310 444 309 925 651 475 289 808 835 297 26 415 996 913 443 381 888 3 565 238 286 7 871 799 34 350 651 985 406 734 985 507 726 358 769 614 834 637 170 307 293 87 222 895 770 631 502 846 618 53 850 972 450 541 399 925 317 340 248 402 448 733 112 929 589 241 514 658 0 
