0 136 730 207 319 782 809 220 920 89 495 290 826 353 600 828 813 992 209 100 911 440 429 713 823 908 869 3 67 820 524 50 250 909 65 876 672 751 885 935 94 592 174 807 692 66 238 504 623 877 
136 0 207 319 782 809 220 920 89 495 290 826 353 600 828 813 992 209 100 911 440 429 713 823 908 869 3 67 820 524 50 250 909 65 876 672 751 885 935 94 592 174 807 692 66 238 504 623 877 730 
730 207 0 782 809 220 920 89 495 290 826 353 600 828 813 992 209 100 911 440 429 713 823 908 869 3 67 820 524 50 250 909 65 876 672 751 885 935 94 592 174 807 692 66 238 504 623 877 136 319 
207 319 782 0 220 920 89 495 290 826 353 600 828 813 992 209 100 911 440 429 713 823 908 869 3 67 820 524 50 250 909 65 876 672 751 885 935 94 592 174 807 692 66 238 504 623 877 136 730 809 
319 782 809 220 0 89 495 290 826 353 600 828 813 992 209 100 911 440 429 713 823 908 869 3 67 820 524 50 250 909 65 876 672 751 885 935 94 592 174 807 692 66 238 504 623 877 136 730 207 920 
782 809 220 920 89 0 290 826 353 600 828 813 992 209 100 911 440 429 713 823 908 869 3 67 820 524 50 250 909 65 876 672 751 885 935 94 592 174 807 692 66 238 504 623 877 136 730 207 319 495 
809 220 920 89 495 290 0 353 600 828 813 992 209 100 911 440 429 713 823 908 869 3 67 820 524 50 250 909 65 876 672 751 885 935 94 592 174 807 692 66 238 504 623 877 136 730 207 319 782 826 
220 920 89 495 290 826 353 0 828 813 992 209 100 911 440 429 713 823 908 869 3 67 820 524 50 250 909 65 876 672 751 885 935 94 592 174 807 692 66 238 504 623 877 136 730 207 319 782 809 600 
920 89 495 290 826 353 600 828 0 992 209 100 911 440 429 713 823 908 869 3 67 820 524 50 250 909 65 876 672 751 885 935 94 592 174 807 692 66 238 504 623 877 136 730 207 319 782 809 220 813 
89 495 290 826 353 600 828 813 992 0 100 911 440 429 713 823 908 869 3 67 820 524 50 250 909 65 876 672 751 885 935 94 592 174 807 692 66 238 504 623 877 136 730 207 319 782 809 220 920 209 
495 290 826 353 600 828 813 992 209 100 0 440 429 713 823 908 869 3 67 820 524 50 250 909 65 876 672 751 885 935 94 592 174 807 692 66 238 504 623 877 136 730 207 319 782 809 220 920 89 911 
290 826 353 600 828 813 992 209 100 911 440 0 713 823 908 869 3 67 820 524 50 250 909 65 876 672 751 885 935 94 592 174 807 692 66 238 504 623 877 136 730 207 319 782 809 220 920 89 495 429 
826 353 600 828 813 992 209 100 911 440 429 713 0 908 869 3 67 820 524 50 250 909 65 876 672 751 885 935 94 592 174 807 692 66 238 504 623 877 136 730 207 319 782 809 220 920 89 495 290 823 
353 600 828 813 992 209 100 911 440 429 713 823 908 0 3 67 820 524 50 250 909 65 876 672 751 885 935 94 592 174 807 692 66 238 504 623 877 136 730 207 319 782 809 220 920 89 495 290 826 869 
600 828 813 992 209 100 911 440 429 713 823 908 869 3 0 820 524 50 250 909 65 876 672 751 885 935 94 592 174 807 692 66 238 504 623 877 136 730 207 319 782 809 220 920 89 495 290 826 353 67 
828 813 992 209 100 911 440 429 713 823 908 869 3 67 820 0 50 250 909 65 876 672 751 885 935 94 592 174 807 692 66 238 504 623 877 136 730 207 319 782 809 220 920 89 495 290 826 353 600 524 
813 992 209 100 911 440 429 713 823 908 869 3 67 820 524 50 0 909 65 876 672 751 885 935 94 592 174 807 692 66 238 504 623 877 136 730 207 319 782 809 220 920 89 495 290 826 353 600 828 250 
992 209 100 911 440 429 713 823 908 869 3 67 820 524 50 250 909 0 876 672 751 885 935 94 592 174 807 692 66 238 504 623 877 136 730 207 319 782 809 220 920 89 495 290 826 353 600 828 813 65 
209 100 911 440 429 713 823 908 869 3 67 820 524 50 250 909 65 876 0 751 885 935 94 592 174 807 692 66 238 504 623 877 136 730 207 319 782 809 220 920 89 495 290 826 353 600 828 813 992 672 
100 911 440 429 713 823 908 869 3 67 820 524 50 250 909 65 876 672 751 0 935 94 592 174 807 692 66 238 504 623 877 136 730 207 319 782 809 220 920 89 495 290 826 353 600 828 813 992 209 885 
911 440 429 713 823 908 869 3 67 820 524 50 250 909 65 876 672 751 885 935 0 592 174 807 692 66 238 504 623 877 136 730 207 319 782 809 220 920 89 495 290 826 353 600 828 813 992 209 100 94 
440 429 713 823 908 869 3 67 820 524 50 250 909 65 876 672 751 885 935 94 592 0 807 692 66 238 504 623 877 136 730 207 319 782 809 220 920 89 495 290 826 353 600 828 813 992 209 100 911 174 
429 713 823 908 869 3 67 820 524 50 250 909 65 876 672 751 885 935 94 592 174 807 0 66 238 504 623 877 136 730 207 319 782 809 220 920 89 495 290 826 353 600 828 813 992 209 100 911 440 692 
713 823 908 869 3 67 820 524 50 250 909 65 876 672 751 885 935 94 592 174 807 692 66 0 504 623 877 136 730 207 319 782 809 220 920 89 495 290 826 353 600 828 813 992 209 100 911 440 429 238 
823 908 869 3 67 820 524 50 250 909 65 876 672 751 885 935 94 592 174 807 692 66 238 504 0 877 136 730 207 319 782 809 220 920 89 495 290 826 353 600 828 813 992 209 100 911 440 429 713 623 
908 869 3 67 820 524 50 250 909 65 876 672 751 885 935 94 592 174 807 692 66 238 504 623 877 0 730 207 319 782 809 220 920 89 495 290 826 353 600 828 813 992 209 100 911 440 429 713 823 136 
869 3 67 820 524 50 250 909 65 876 672 751 885 935 94 592 174 807 692 66 238 504 623 877 136 730 0 319 782 809 220 920 89 495 290 826 353 600 828 813 992 209 100 911 440 429 713 823 908 207 
3 67 820 524 50 250 909 65 876 672 751 885 935 94 592 174 807 692 66 238 504 623 877 136 730 207 319 0 809 220 920 89 495 290 826 353 600 828 813 992 209 100 911 440 429 713 823 908 869 782 
67 820 524 50 250 909 65 876 672 751 885 935 94 592 174 807 692 66 238 504 623 877 136 730 207 319 782 809 0 920 89 495 290 826 353 600 828 813 992 209 100 911 440 429 713 823 908 869 3 220 
820 524 50 250 909 65 876 672 751 885 935 94 592 174 807 692 66 238 504 623 877 136 730 207 319 782 809 220 920 0 495 290 826 353 600 828 813 992 209 100 911 440 429 713 823 908 869 3 67 89 
524 50 250 909 65 876 672 751 885 935 94 592 174 807 692 66 238 504 623 877 136 730 207 319 782 809 220 920 89 495 0 826 353 600 828 813 992 209 100 911 440 429 713 823 908 869 3 67 820 290 
50 250 909 65 876 672 751 885 935 94 592 174 807 692 66 238 504 623 877 136 730 207 319 782 809 220 920 89 495 290 826 0 600 828 813 992 209 100 911 440 429 713 823 908 869 3 67 820 524 353 
250 909 65 876 672 751 885 935 94 592 174 807 692 66 238 504 623 877 136 730 207 319 782 809 220 920 89 495 290 826 353 600 0 813 992 209 100 911 440 429 713 823 908 869 3 67 820 524 50 828 
909 65 876 672 751 885 935 94 592 174 807 692 66 238 504 623 877 136 730 207 319 782 809 220 920 89 495 290 826 353 600 828 813 0 209 100 911 440 429 713 823 908 869 3 67 820 524 50 250 992 
65 876 672 751 885 935 94 592 174 807 692 66 238 504 623 877 136 730 207 319 782 809 220 920 89 495 290 826 353 600 828 813 992 209 0 911 440 429 713 823 908 869 3 67 820 524 50 250 909 100 
876 672 751 885 935 94 592 174 807 692 66 238 504 623 877 136 730 207 319 782 809 220 920 89 495 290 826 353 600 828 813 992 209 100 911 0 429 713 823 908 869 3 67 820 524 50 250 909 65 440 
672 751 885 935 94 592 174 807 692 66 238 504 623 877 136 730 207 319 782 809 220 920 89 495 290 826 353 600 828 813 992 209 100 911 440 429 0 823 908 869 3 67 820 524 50 250 909 65 876 713 
751 885 935 94 592 174 807 692 66 238 504 623 877 136 730 207 319 782 809 220 920 89 495 290 826 353 600 828 813 992 209 100 911 440 429 713 823 0 869 3 67 820 524 50 250 909 65 876 672 908 
885 935 94 592 174 807 692 66 238 504 623 877 136 730 207 319 782 809 220 920 89 495 290 826 353 600 828 813 992 209 100 911 440 429 713 823 908 869 0 67 820 524 50 250 909 65 876 672 751 3 
935 94 592 174 807 692 66 238 504 623 877 136 730 207 319 782 809 220 920 89 495 290 826 353 600 828 813 992 209 100 911 440 429 713 823 908 869 3 67 0 524 50 250 909 65 876 672 751 885 820 
94 592 174 807 692 66 238 504 623 877 136 730 207 319 782 809 220 920 89 495 290 826 353 600 828 813 992 209 100 911 440 429 713 823 908 869 3 67 820 524 0 250 909 65 876 672 751 885 935 50 
592 174 807 692 66 238 504 623 877 136 730 207 319 782 809 220 920 89 495 290 826 353 600 828 813 992 209 100 911 440 429 713 823 908 869 3 67 820 524 50 250 0 65 876 672 751 885 935 94 909 
174 807 692 66 238 504 623 877 136 730 207 319 782 809 220 920 89 495 290 826 353 600 828 813 992 209 100 911 440 429 713 823 908 869 3 67 820 524 50 250 909 65 0 672 751 885 935 94 592 876 
807 692 66 238 504 623 877 136 730 207 319 782 809 220 920 89 495 290 826 353 600 828 813 992 209 100 911 440 429 713 823 908 869 3 67 820 524 50 250 909 65 876 672 0 885 935 94 592 174 751 
692 66 238 504 623 877 136 730 207 319 782 809 220 920 89 495 290 826 353 600 828 813 992 209 100 911 440 429 713 823 908 869 3 67 820 524 50 250 909 65 876 672 751 885 0 94 592 174 807 935 
66 238 504 623 877 136 730 207 319 782 809 220 920 89 495 290 826 353 600 828 813 992 209 100 911 440 429 713 823 908 869 3 67 820 524 50 250 909 65 876 672 751 885 935 94 0 174 807 692 592 
238 504 623 877 136 730 207 319 782 809 220 920 89 495 290 826 353 600 828 813 992 209 100 911 440 429 713 823 908 869 3 67 820 524 50 250 909 65 876 672 751 885 935 94 592 174 0 692 66 807 
504 623 877 136 730 207 319 782 809 220 920 89 495 290 826 353 600 828 813 992 209 100 911 440 429 713 823 908 869 3 67 820 524 50 250 909 65 876 672 751 885 935 94 592 174 807 692 0 238 66 
623 877 136 730 207 319 782 809 220 920 89 495 290 826 353 600 828 813 992 209 100 911 440 429 713 823 908 869 3 67 820 524 50 250 909 65 876 672 751 885 935 94 592 174 807 692 66 238 0 504 
877 730 319 809 920 495 826 600 813 209 911 429 823 869 67 524 250 65 672 885 94 174 692 238 623 136 207 782 220 89 290 353 828 992 100 440 713 908 3 820 50 909 876 751 935 592 807 66 504 0 
