Devegowda+Petrol+Bunk 12.9222029 77.55996789999999 1
Hoskeralli 12.9304346 77.54367429999999 1
Channasandra+RNSIT 12.9032147 77.5166548 2
Kathriguppe 12.925013 77.550882 3
Kamakya+Theatre 12.9233054 77.55334479999999 2
PESIT+Collage 12.859117 77.661678 1
Katherguppe+Circle 12.925491 77.550006 1
HosaKerehalli 12.930428 77.539554 3
Bata+Show+Room 13.0012996 77.5713633 1
Ittamadu 12.923998 77.543632 1
Rajarajeshwari+temple 12.9267736 77.51099459999999 1
Jantha+Bazar 12.928443 77.545912 1
Kuthriguppe 12.925013 77.550882 1
Hosakarehalli 12.930428 77.539554 1
Rajarajeshwarinagar+Double+Road 12.9577132 77.5929678 1
Kanthi+Sweets+RR+Nagar 12.9028048 77.521594 1
Chowdeshwari+Talkies 13.0329443 77.5538355 1
Jayanagar 12.928304 77.583928 1
Kattrigupe 12.925013 77.550882 1
Kadirenahallli 12.9524713 77.5436302 1
Mantri+Apartment 12.919792 77.643243 1
Kodipalya+(Uttarahalli+main+Road) 12.9047484 77.5044257 1
Uttarahalli+road+Kengeri 12.9138187 77.4868402 1
