12.9931945 77.670377
12.7705892 77.4077475
13.0742739 77.5288653
22.0 79.0
22.0 79.0
22.0 79.0
22.0 79.0
12.9468593 77.3095674
22.0 79.0
22.0 79.0
22.0 79.0
22.0 79.0
12.8141478 77.7518992
22.0 79.0
12.9428472 77.6104155
12.9395379 77.6132393
22.0 79.0
22.0 79.0
22.0 79.0
22.0 79.0
22.0 79.0
22.0 79.0
13.044189 76.0288427
22.0 79.0
22.0 79.0
22.0 79.0
22.0 79.0
22.0 79.0
13.0978927 77.62596
22.0 79.0
22.0 79.0
22.0 79.0
22.0 79.0
22.0 79.0
12.8930484 77.8861124
22.0 79.0
22.0 79.0
13.1806026 78.4315349
22.0 79.0
22.0 79.0
22.0 79.0
22.0 79.0
17.6971696 76.4252463
22.0 79.0
22.0 79.0
22.0 79.0
22.0 79.0
13.0698864 77.879654
22.0 79.0
22.0 79.0
22.0 79.0
22.0 79.0
22.0 79.0
22.0 79.0
22.0 79.0
22.0 79.0
22.0 79.0
22.0 79.0
22.0 79.0
22.0 79.0
18.5957229 77.8663036
14.0771569 75.2124556
22.0 79.0
22.0 79.0
12.9041387 77.8671
22.0 79.0
22.0 79.0
22.0 79.0
22.0 79.0
22.0 79.0
22.0 79.0
22.0 79.0
22.0 79.0
12.709008 77.6963688
22.0 79.0
22.0 79.0
22.0 79.0
22.0 79.0
22.0 79.0
12.6847039 77.2711718
22.0 79.0
22.0 79.0
22.0 79.0
22.0 79.0
22.0 79.0
22.0 79.0
22.0 79.0
13.8324121 75.7456177
12.9582608 77.8145716
22.0 79.0
13.1960939 77.1254611
22.0 79.0
13.1208979 77.9933555
22.0 79.0
22.0 79.0
13.2223418 77.5653384
22.0 79.0
13.2843603 77.5349569
12.9649475 77.8884226
22.0 79.0
