0 811 78 460 89 443 684 561 276 880 728 205 422 566 398 240 705 891 529 500 421 651 111 918 238 653 972 151 537 984 105 663 648 862 918 993 422 818 173 464 538 417 117 100 383 617 904 733 59 426 684 818 101 191 264 556 985 104 289 500 914 983 144 347 238 361 823 513 659 220 530 896 575 7 128 
811 0 460 89 443 684 561 276 880 728 205 422 566 398 240 705 891 529 500 421 651 111 918 238 653 972 151 537 984 105 663 648 862 918 993 422 818 173 464 538 417 117 100 383 617 904 733 59 426 684 818 101 191 264 556 985 104 289 500 914 983 144 347 238 361 823 513 659 220 530 896 575 7 128 78 
78 460 0 443 684 561 276 880 728 205 422 566 398 240 705 891 529 500 421 651 111 918 238 653 972 151 537 984 105 663 648 862 918 993 422 818 173 464 538 417 117 100 383 617 904 733 59 426 684 818 101 191 264 556 985 104 289 500 914 983 144 347 238 361 823 513 659 220 530 896 575 7 128 811 89 
460 89 443 0 561 276 880 728 205 422 566 398 240 705 891 529 500 421 651 111 918 238 653 972 151 537 984 105 663 648 862 918 993 422 818 173 464 538 417 117 100 383 617 904 733 59 426 684 818 101 191 264 556 985 104 289 500 914 983 144 347 238 361 823 513 659 220 530 896 575 7 128 811 78 684 
89 443 684 561 0 880 728 205 422 566 398 240 705 891 529 500 421 651 111 918 238 653 972 151 537 984 105 663 648 862 918 993 422 818 173 464 538 417 117 100 383 617 904 733 59 426 684 818 101 191 264 556 985 104 289 500 914 983 144 347 238 361 823 513 659 220 530 896 575 7 128 811 78 460 276 
443 684 561 276 880 0 205 422 566 398 240 705 891 529 500 421 651 111 918 238 653 972 151 537 984 105 663 648 862 918 993 422 818 173 464 538 417 117 100 383 617 904 733 59 426 684 818 101 191 264 556 985 104 289 500 914 983 144 347 238 361 823 513 659 220 530 896 575 7 128 811 78 460 89 728 
684 561 276 880 728 205 0 566 398 240 705 891 529 500 421 651 111 918 238 653 972 151 537 984 105 663 648 862 918 993 422 818 173 464 538 417 117 100 383 617 904 733 59 426 684 818 101 191 264 556 985 104 289 500 914 983 144 347 238 361 823 513 659 220 530 896 575 7 128 811 78 460 89 443 422 
561 276 880 728 205 422 566 0 240 705 891 529 500 421 651 111 918 238 653 972 151 537 984 105 663 648 862 918 993 422 818 173 464 538 417 117 100 383 617 904 733 59 426 684 818 101 191 264 556 985 104 289 500 914 983 144 347 238 361 823 513 659 220 530 896 575 7 128 811 78 460 89 443 684 398 
276 880 728 205 422 566 398 240 0 891 529 500 421 651 111 918 238 653 972 151 537 984 105 663 648 862 918 993 422 818 173 464 538 417 117 100 383 617 904 733 59 426 684 818 101 191 264 556 985 104 289 500 914 983 144 347 238 361 823 513 659 220 530 896 575 7 128 811 78 460 89 443 684 561 705 
880 728 205 422 566 398 240 705 891 0 500 421 651 111 918 238 653 972 151 537 984 105 663 648 862 918 993 422 818 173 464 538 417 117 100 383 617 904 733 59 426 684 818 101 191 264 556 985 104 289 500 914 983 144 347 238 361 823 513 659 220 530 896 575 7 128 811 78 460 89 443 684 561 276 529 
728 205 422 566 398 240 705 891 529 500 0 651 111 918 238 653 972 151 537 984 105 663 648 862 918 993 422 818 173 464 538 417 117 100 383 617 904 733 59 426 684 818 101 191 264 556 985 104 289 500 914 983 144 347 238 361 823 513 659 220 530 896 575 7 128 811 78 460 89 443 684 561 276 880 421 
205 422 566 398 240 705 891 529 500 421 651 0 918 238 653 972 151 537 984 105 663 648 862 918 993 422 818 173 464 538 417 117 100 383 617 904 733 59 426 684 818 101 191 264 556 985 104 289 500 914 983 144 347 238 361 823 513 659 220 530 896 575 7 128 811 78 460 89 443 684 561 276 880 728 111 
422 566 398 240 705 891 529 500 421 651 111 918 0 653 972 151 537 984 105 663 648 862 918 993 422 818 173 464 538 417 117 100 383 617 904 733 59 426 684 818 101 191 264 556 985 104 289 500 914 983 144 347 238 361 823 513 659 220 530 896 575 7 128 811 78 460 89 443 684 561 276 880 728 205 238 
566 398 240 705 891 529 500 421 651 111 918 238 653 0 151 537 984 105 663 648 862 918 993 422 818 173 464 538 417 117 100 383 617 904 733 59 426 684 818 101 191 264 556 985 104 289 500 914 983 144 347 238 361 823 513 659 220 530 896 575 7 128 811 78 460 89 443 684 561 276 880 728 205 422 972 
398 240 705 891 529 500 421 651 111 918 238 653 972 151 0 984 105 663 648 862 918 993 422 818 173 464 538 417 117 100 383 617 904 733 59 426 684 818 101 191 264 556 985 104 289 500 914 983 144 347 238 361 823 513 659 220 530 896 575 7 128 811 78 460 89 443 684 561 276 880 728 205 422 566 537 
240 705 891 529 500 421 651 111 918 238 653 972 151 537 984 0 663 648 862 918 993 422 818 173 464 538 417 117 100 383 617 904 733 59 426 684 818 101 191 264 556 985 104 289 500 914 983 144 347 238 361 823 513 659 220 530 896 575 7 128 811 78 460 89 443 684 561 276 880 728 205 422 566 398 105 
705 891 529 500 421 651 111 918 238 653 972 151 537 984 105 663 0 862 918 993 422 818 173 464 538 417 117 100 383 617 904 733 59 426 684 818 101 191 264 556 985 104 289 500 914 983 144 347 238 361 823 513 659 220 530 896 575 7 128 811 78 460 89 443 684 561 276 880 728 205 422 566 398 240 648 
891 529 500 421 651 111 918 238 653 972 151 537 984 105 663 648 862 0 993 422 818 173 464 538 417 117 100 383 617 904 733 59 426 684 818 101 191 264 556 985 104 289 500 914 983 144 347 238 361 823 513 659 220 530 896 575 7 128 811 78 460 89 443 684 561 276 880 728 205 422 566 398 240 705 918 
529 500 421 651 111 918 238 653 972 151 537 984 105 663 648 862 918 993 0 818 173 464 538 417 117 100 383 617 904 733 59 426 684 818 101 191 264 556 985 104 289 500 914 983 144 347 238 361 823 513 659 220 530 896 575 7 128 811 78 460 89 443 684 561 276 880 728 205 422 566 398 240 705 891 422 
500 421 651 111 918 238 653 972 151 537 984 105 663 648 862 918 993 422 818 0 464 538 417 117 100 383 617 904 733 59 426 684 818 101 191 264 556 985 104 289 500 914 983 144 347 238 361 823 513 659 220 530 896 575 7 128 811 78 460 89 443 684 561 276 880 728 205 422 566 398 240 705 891 529 173 
421 651 111 918 238 653 972 151 537 984 105 663 648 862 918 993 422 818 173 464 0 417 117 100 383 617 904 733 59 426 684 818 101 191 264 556 985 104 289 500 914 983 144 347 238 361 823 513 659 220 530 896 575 7 128 811 78 460 89 443 684 561 276 880 728 205 422 566 398 240 705 891 529 500 538 
651 111 918 238 653 972 151 537 984 105 663 648 862 918 993 422 818 173 464 538 417 0 100 383 617 904 733 59 426 684 818 101 191 264 556 985 104 289 500 914 983 144 347 238 361 823 513 659 220 530 896 575 7 128 811 78 460 89 443 684 561 276 880 728 205 422 566 398 240 705 891 529 500 421 117 
111 918 238 653 972 151 537 984 105 663 648 862 918 993 422 818 173 464 538 417 117 100 0 617 904 733 59 426 684 818 101 191 264 556 985 104 289 500 914 983 144 347 238 361 823 513 659 220 530 896 575 7 128 811 78 460 89 443 684 561 276 880 728 205 422 566 398 240 705 891 529 500 421 651 383 
918 238 653 972 151 537 984 105 663 648 862 918 993 422 818 173 464 538 417 117 100 383 617 0 733 59 426 684 818 101 191 264 556 985 104 289 500 914 983 144 347 238 361 823 513 659 220 530 896 575 7 128 811 78 460 89 443 684 561 276 880 728 205 422 566 398 240 705 891 529 500 421 651 111 904 
238 653 972 151 537 984 105 663 648 862 918 993 422 818 173 464 538 417 117 100 383 617 904 733 0 426 684 818 101 191 264 556 985 104 289 500 914 983 144 347 238 361 823 513 659 220 530 896 575 7 128 811 78 460 89 443 684 561 276 880 728 205 422 566 398 240 705 891 529 500 421 651 111 918 59 
653 972 151 537 984 105 663 648 862 918 993 422 818 173 464 538 417 117 100 383 617 904 733 59 426 0 818 101 191 264 556 985 104 289 500 914 983 144 347 238 361 823 513 659 220 530 896 575 7 128 811 78 460 89 443 684 561 276 880 728 205 422 566 398 240 705 891 529 500 421 651 111 918 238 684 
972 151 537 984 105 663 648 862 918 993 422 818 173 464 538 417 117 100 383 617 904 733 59 426 684 818 0 191 264 556 985 104 289 500 914 983 144 347 238 361 823 513 659 220 530 896 575 7 128 811 78 460 89 443 684 561 276 880 728 205 422 566 398 240 705 891 529 500 421 651 111 918 238 653 101 
151 537 984 105 663 648 862 918 993 422 818 173 464 538 417 117 100 383 617 904 733 59 426 684 818 101 191 0 556 985 104 289 500 914 983 144 347 238 361 823 513 659 220 530 896 575 7 128 811 78 460 89 443 684 561 276 880 728 205 422 566 398 240 705 891 529 500 421 651 111 918 238 653 972 264 
537 984 105 663 648 862 918 993 422 818 173 464 538 417 117 100 383 617 904 733 59 426 684 818 101 191 264 556 0 104 289 500 914 983 144 347 238 361 823 513 659 220 530 896 575 7 128 811 78 460 89 443 684 561 276 880 728 205 422 566 398 240 705 891 529 500 421 651 111 918 238 653 972 151 985 
984 105 663 648 862 918 993 422 818 173 464 538 417 117 100 383 617 904 733 59 426 684 818 101 191 264 556 985 104 0 500 914 983 144 347 238 361 823 513 659 220 530 896 575 7 128 811 78 460 89 443 684 561 276 880 728 205 422 566 398 240 705 891 529 500 421 651 111 918 238 653 972 151 537 289 
105 663 648 862 918 993 422 818 173 464 538 417 117 100 383 617 904 733 59 426 684 818 101 191 264 556 985 104 289 500 0 983 144 347 238 361 823 513 659 220 530 896 575 7 128 811 78 460 89 443 684 561 276 880 728 205 422 566 398 240 705 891 529 500 421 651 111 918 238 653 972 151 537 984 914 
663 648 862 918 993 422 818 173 464 538 417 117 100 383 617 904 733 59 426 684 818 101 191 264 556 985 104 289 500 914 983 0 347 238 361 823 513 659 220 530 896 575 7 128 811 78 460 89 443 684 561 276 880 728 205 422 566 398 240 705 891 529 500 421 651 111 918 238 653 972 151 537 984 105 144 
648 862 918 993 422 818 173 464 538 417 117 100 383 617 904 733 59 426 684 818 101 191 264 556 985 104 289 500 914 983 144 347 0 361 823 513 659 220 530 896 575 7 128 811 78 460 89 443 684 561 276 880 728 205 422 566 398 240 705 891 529 500 421 651 111 918 238 653 972 151 537 984 105 663 238 
862 918 993 422 818 173 464 538 417 117 100 383 617 904 733 59 426 684 818 101 191 264 556 985 104 289 500 914 983 144 347 238 361 0 513 659 220 530 896 575 7 128 811 78 460 89 443 684 561 276 880 728 205 422 566 398 240 705 891 529 500 421 651 111 918 238 653 972 151 537 984 105 663 648 823 
918 993 422 818 173 464 538 417 117 100 383 617 904 733 59 426 684 818 101 191 264 556 985 104 289 500 914 983 144 347 238 361 823 513 0 220 530 896 575 7 128 811 78 460 89 443 684 561 276 880 728 205 422 566 398 240 705 891 529 500 421 651 111 918 238 653 972 151 537 984 105 663 648 862 659 
993 422 818 173 464 538 417 117 100 383 617 904 733 59 426 684 818 101 191 264 556 985 104 289 500 914 983 144 347 238 361 823 513 659 220 0 896 575 7 128 811 78 460 89 443 684 561 276 880 728 205 422 566 398 240 705 891 529 500 421 651 111 918 238 653 972 151 537 984 105 663 648 862 918 530 
422 818 173 464 538 417 117 100 383 617 904 733 59 426 684 818 101 191 264 556 985 104 289 500 914 983 144 347 238 361 823 513 659 220 530 896 0 7 128 811 78 460 89 443 684 561 276 880 728 205 422 566 398 240 705 891 529 500 421 651 111 918 238 653 972 151 537 984 105 663 648 862 918 993 575 
818 173 464 538 417 117 100 383 617 904 733 59 426 684 818 101 191 264 556 985 104 289 500 914 983 144 347 238 361 823 513 659 220 530 896 575 7 0 811 78 460 89 443 684 561 276 880 728 205 422 566 398 240 705 891 529 500 421 651 111 918 238 653 972 151 537 984 105 663 648 862 918 993 422 128 
173 464 538 417 117 100 383 617 904 733 59 426 684 818 101 191 264 556 985 104 289 500 914 983 144 347 238 361 823 513 659 220 530 896 575 7 128 811 0 460 89 443 684 561 276 880 728 205 422 566 398 240 705 891 529 500 421 651 111 918 238 653 972 151 537 984 105 663 648 862 918 993 422 818 78 
464 538 417 117 100 383 617 904 733 59 426 684 818 101 191 264 556 985 104 289 500 914 983 144 347 238 361 823 513 659 220 530 896 575 7 128 811 78 460 0 443 684 561 276 880 728 205 422 566 398 240 705 891 529 500 421 651 111 918 238 653 972 151 537 984 105 663 648 862 918 993 422 818 173 89 
538 417 117 100 383 617 904 733 59 426 684 818 101 191 264 556 985 104 289 500 914 983 144 347 238 361 823 513 659 220 530 896 575 7 128 811 78 460 89 443 0 561 276 880 728 205 422 566 398 240 705 891 529 500 421 651 111 918 238 653 972 151 537 984 105 663 648 862 918 993 422 818 173 464 684 
417 117 100 383 617 904 733 59 426 684 818 101 191 264 556 985 104 289 500 914 983 144 347 238 361 823 513 659 220 530 896 575 7 128 811 78 460 89 443 684 561 0 880 728 205 422 566 398 240 705 891 529 500 421 651 111 918 238 653 972 151 537 984 105 663 648 862 918 993 422 818 173 464 538 276 
117 100 383 617 904 733 59 426 684 818 101 191 264 556 985 104 289 500 914 983 144 347 238 361 823 513 659 220 530 896 575 7 128 811 78 460 89 443 684 561 276 880 0 205 422 566 398 240 705 891 529 500 421 651 111 918 238 653 972 151 537 984 105 663 648 862 918 993 422 818 173 464 538 417 728 
100 383 617 904 733 59 426 684 818 101 191 264 556 985 104 289 500 914 983 144 347 238 361 823 513 659 220 530 896 575 7 128 811 78 460 89 443 684 561 276 880 728 205 0 566 398 240 705 891 529 500 421 651 111 918 238 653 972 151 537 984 105 663 648 862 918 993 422 818 173 464 538 417 117 422 
383 617 904 733 59 426 684 818 101 191 264 556 985 104 289 500 914 983 144 347 238 361 823 513 659 220 530 896 575 7 128 811 78 460 89 443 684 561 276 880 728 205 422 566 0 240 705 891 529 500 421 651 111 918 238 653 972 151 537 984 105 663 648 862 918 993 422 818 173 464 538 417 117 100 398 
617 904 733 59 426 684 818 101 191 264 556 985 104 289 500 914 983 144 347 238 361 823 513 659 220 530 896 575 7 128 811 78 460 89 443 684 561 276 880 728 205 422 566 398 240 0 891 529 500 421 651 111 918 238 653 972 151 537 984 105 663 648 862 918 993 422 818 173 464 538 417 117 100 383 705 
904 733 59 426 684 818 101 191 264 556 985 104 289 500 914 983 144 347 238 361 823 513 659 220 530 896 575 7 128 811 78 460 89 443 684 561 276 880 728 205 422 566 398 240 705 891 0 500 421 651 111 918 238 653 972 151 537 984 105 663 648 862 918 993 422 818 173 464 538 417 117 100 383 617 529 
733 59 426 684 818 101 191 264 556 985 104 289 500 914 983 144 347 238 361 823 513 659 220 530 896 575 7 128 811 78 460 89 443 684 561 276 880 728 205 422 566 398 240 705 891 529 500 0 651 111 918 238 653 972 151 537 984 105 663 648 862 918 993 422 818 173 464 538 417 117 100 383 617 904 421 
59 426 684 818 101 191 264 556 985 104 289 500 914 983 144 347 238 361 823 513 659 220 530 896 575 7 128 811 78 460 89 443 684 561 276 880 728 205 422 566 398 240 705 891 529 500 421 651 0 918 238 653 972 151 537 984 105 663 648 862 918 993 422 818 173 464 538 417 117 100 383 617 904 733 111 
426 684 818 101 191 264 556 985 104 289 500 914 983 144 347 238 361 823 513 659 220 530 896 575 7 128 811 78 460 89 443 684 561 276 880 728 205 422 566 398 240 705 891 529 500 421 651 111 918 0 653 972 151 537 984 105 663 648 862 918 993 422 818 173 464 538 417 117 100 383 617 904 733 59 238 
684 818 101 191 264 556 985 104 289 500 914 983 144 347 238 361 823 513 659 220 530 896 575 7 128 811 78 460 89 443 684 561 276 880 728 205 422 566 398 240 705 891 529 500 421 651 111 918 238 653 0 151 537 984 105 663 648 862 918 993 422 818 173 464 538 417 117 100 383 617 904 733 59 426 972 
818 101 191 264 556 985 104 289 500 914 983 144 347 238 361 823 513 659 220 530 896 575 7 128 811 78 460 89 443 684 561 276 880 728 205 422 566 398 240 705 891 529 500 421 651 111 918 238 653 972 151 0 984 105 663 648 862 918 993 422 818 173 464 538 417 117 100 383 617 904 733 59 426 684 537 
101 191 264 556 985 104 289 500 914 983 144 347 238 361 823 513 659 220 530 896 575 7 128 811 78 460 89 443 684 561 276 880 728 205 422 566 398 240 705 891 529 500 421 651 111 918 238 653 972 151 537 984 0 663 648 862 918 993 422 818 173 464 538 417 117 100 383 617 904 733 59 426 684 818 105 
191 264 556 985 104 289 500 914 983 144 347 238 361 823 513 659 220 530 896 575 7 128 811 78 460 89 443 684 561 276 880 728 205 422 566 398 240 705 891 529 500 421 651 111 918 238 653 972 151 537 984 105 663 0 862 918 993 422 818 173 464 538 417 117 100 383 617 904 733 59 426 684 818 101 648 
264 556 985 104 289 500 914 983 144 347 238 361 823 513 659 220 530 896 575 7 128 811 78 460 89 443 684 561 276 880 728 205 422 566 398 240 705 891 529 500 421 651 111 918 238 653 972 151 537 984 105 663 648 862 0 993 422 818 173 464 538 417 117 100 383 617 904 733 59 426 684 818 101 191 918 
556 985 104 289 500 914 983 144 347 238 361 823 513 659 220 530 896 575 7 128 811 78 460 89 443 684 561 276 880 728 205 422 566 398 240 705 891 529 500 421 651 111 918 238 653 972 151 537 984 105 663 648 862 918 993 0 818 173 464 538 417 117 100 383 617 904 733 59 426 684 818 101 191 264 422 
985 104 289 500 914 983 144 347 238 361 823 513 659 220 530 896 575 7 128 811 78 460 89 443 684 561 276 880 728 205 422 566 398 240 705 891 529 500 421 651 111 918 238 653 972 151 537 984 105 663 648 862 918 993 422 818 0 464 538 417 117 100 383 617 904 733 59 426 684 818 101 191 264 556 173 
104 289 500 914 983 144 347 238 361 823 513 659 220 530 896 575 7 128 811 78 460 89 443 684 561 276 880 728 205 422 566 398 240 705 891 529 500 421 651 111 918 238 653 972 151 537 984 105 663 648 862 918 993 422 818 173 464 0 417 117 100 383 617 904 733 59 426 684 818 101 191 264 556 985 538 
289 500 914 983 144 347 238 361 823 513 659 220 530 896 575 7 128 811 78 460 89 443 684 561 276 880 728 205 422 566 398 240 705 891 529 500 421 651 111 918 238 653 972 151 537 984 105 663 648 862 918 993 422 818 173 464 538 417 0 100 383 617 904 733 59 426 684 818 101 191 264 556 985 104 117 
500 914 983 144 347 238 361 823 513 659 220 530 896 575 7 128 811 78 460 89 443 684 561 276 880 728 205 422 566 398 240 705 891 529 500 421 651 111 918 238 653 972 151 537 984 105 663 648 862 918 993 422 818 173 464 538 417 117 100 0 617 904 733 59 426 684 818 101 191 264 556 985 104 289 383 
914 983 144 347 238 361 823 513 659 220 530 896 575 7 128 811 78 460 89 443 684 561 276 880 728 205 422 566 398 240 705 891 529 500 421 651 111 918 238 653 972 151 537 984 105 663 648 862 918 993 422 818 173 464 538 417 117 100 383 617 0 733 59 426 684 818 101 191 264 556 985 104 289 500 904 
983 144 347 238 361 823 513 659 220 530 896 575 7 128 811 78 460 89 443 684 561 276 880 728 205 422 566 398 240 705 891 529 500 421 651 111 918 238 653 972 151 537 984 105 663 648 862 918 993 422 818 173 464 538 417 117 100 383 617 904 733 0 426 684 818 101 191 264 556 985 104 289 500 914 59 
144 347 238 361 823 513 659 220 530 896 575 7 128 811 78 460 89 443 684 561 276 880 728 205 422 566 398 240 705 891 529 500 421 651 111 918 238 653 972 151 537 984 105 663 648 862 918 993 422 818 173 464 538 417 117 100 383 617 904 733 59 426 0 818 101 191 264 556 985 104 289 500 914 983 684 
347 238 361 823 513 659 220 530 896 575 7 128 811 78 460 89 443 684 561 276 880 728 205 422 566 398 240 705 891 529 500 421 651 111 918 238 653 972 151 537 984 105 663 648 862 918 993 422 818 173 464 538 417 117 100 383 617 904 733 59 426 684 818 0 191 264 556 985 104 289 500 914 983 144 101 
238 361 823 513 659 220 530 896 575 7 128 811 78 460 89 443 684 561 276 880 728 205 422 566 398 240 705 891 529 500 421 651 111 918 238 653 972 151 537 984 105 663 648 862 918 993 422 818 173 464 538 417 117 100 383 617 904 733 59 426 684 818 101 191 0 556 985 104 289 500 914 983 144 347 264 
361 823 513 659 220 530 896 575 7 128 811 78 460 89 443 684 561 276 880 728 205 422 566 398 240 705 891 529 500 421 651 111 918 238 653 972 151 537 984 105 663 648 862 918 993 422 818 173 464 538 417 117 100 383 617 904 733 59 426 684 818 101 191 264 556 0 104 289 500 914 983 144 347 238 985 
823 513 659 220 530 896 575 7 128 811 78 460 89 443 684 561 276 880 728 205 422 566 398 240 705 891 529 500 421 651 111 918 238 653 972 151 537 984 105 663 648 862 918 993 422 818 173 464 538 417 117 100 383 617 904 733 59 426 684 818 101 191 264 556 985 104 0 500 914 983 144 347 238 361 289 
513 659 220 530 896 575 7 128 811 78 460 89 443 684 561 276 880 728 205 422 566 398 240 705 891 529 500 421 651 111 918 238 653 972 151 537 984 105 663 648 862 918 993 422 818 173 464 538 417 117 100 383 617 904 733 59 426 684 818 101 191 264 556 985 104 289 500 0 983 144 347 238 361 823 914 
659 220 530 896 575 7 128 811 78 460 89 443 684 561 276 880 728 205 422 566 398 240 705 891 529 500 421 651 111 918 238 653 972 151 537 984 105 663 648 862 918 993 422 818 173 464 538 417 117 100 383 617 904 733 59 426 684 818 101 191 264 556 985 104 289 500 914 983 0 347 238 361 823 513 144 
220 530 896 575 7 128 811 78 460 89 443 684 561 276 880 728 205 422 566 398 240 705 891 529 500 421 651 111 918 238 653 972 151 537 984 105 663 648 862 918 993 422 818 173 464 538 417 117 100 383 617 904 733 59 426 684 818 101 191 264 556 985 104 289 500 914 983 144 347 0 361 823 513 659 238 
530 896 575 7 128 811 78 460 89 443 684 561 276 880 728 205 422 566 398 240 705 891 529 500 421 651 111 918 238 653 972 151 537 984 105 663 648 862 918 993 422 818 173 464 538 417 117 100 383 617 904 733 59 426 684 818 101 191 264 556 985 104 289 500 914 983 144 347 238 361 0 513 659 220 823 
896 575 7 128 811 78 460 89 443 684 561 276 880 728 205 422 566 398 240 705 891 529 500 421 651 111 918 238 653 972 151 537 984 105 663 648 862 918 993 422 818 173 464 538 417 117 100 383 617 904 733 59 426 684 818 101 191 264 556 985 104 289 500 914 983 144 347 238 361 823 513 0 220 530 659 
575 7 128 811 78 460 89 443 684 561 276 880 728 205 422 566 398 240 705 891 529 500 421 651 111 918 238 653 972 151 537 984 105 663 648 862 918 993 422 818 173 464 538 417 117 100 383 617 904 733 59 426 684 818 101 191 264 556 985 104 289 500 914 983 144 347 238 361 823 513 659 220 0 896 530 
7 128 811 78 460 89 443 684 561 276 880 728 205 422 566 398 240 705 891 529 500 421 651 111 918 238 653 972 151 537 984 105 663 648 862 918 993 422 818 173 464 538 417 117 100 383 617 904 733 59 426 684 818 101 191 264 556 985 104 289 500 914 983 144 347 238 361 823 513 659 220 530 896 0 575 
128 78 89 684 276 728 422 398 705 529 421 111 238 972 537 105 648 918 422 173 538 117 383 904 59 684 101 264 985 289 914 144 238 823 659 530 575 128 78 89 684 276 728 422 398 705 529 421 111 238 972 537 105 648 918 422 173 538 117 383 904 59 684 101 264 985 289 914 144 238 823 659 530 575 0 
