0 539 139 740 625 945 899 576 935 574 396 831 35 6 523 815 276 847 876 578 184 154 300 731 807 
539 0 740 625 945 899 576 935 574 396 831 35 6 523 815 276 847 876 578 184 154 300 731 807 139 
139 740 0 945 899 576 935 574 396 831 35 6 523 815 276 847 876 578 184 154 300 731 807 539 625 
740 625 945 0 576 935 574 396 831 35 6 523 815 276 847 876 578 184 154 300 731 807 539 139 899 
625 945 899 576 0 574 396 831 35 6 523 815 276 847 876 578 184 154 300 731 807 539 139 740 935 
945 899 576 935 574 0 831 35 6 523 815 276 847 876 578 184 154 300 731 807 539 139 740 625 396 
899 576 935 574 396 831 0 6 523 815 276 847 876 578 184 154 300 731 807 539 139 740 625 945 35 
576 935 574 396 831 35 6 0 815 276 847 876 578 184 154 300 731 807 539 139 740 625 945 899 523 
935 574 396 831 35 6 523 815 0 847 876 578 184 154 300 731 807 539 139 740 625 945 899 576 276 
574 396 831 35 6 523 815 276 847 0 578 184 154 300 731 807 539 139 740 625 945 899 576 935 876 
396 831 35 6 523 815 276 847 876 578 0 154 300 731 807 539 139 740 625 945 899 576 935 574 184 
831 35 6 523 815 276 847 876 578 184 154 0 731 807 539 139 740 625 945 899 576 935 574 396 300 
35 6 523 815 276 847 876 578 184 154 300 731 0 539 139 740 625 945 899 576 935 574 396 831 807 
6 523 815 276 847 876 578 184 154 300 731 807 539 0 740 625 945 899 576 935 574 396 831 35 139 
523 815 276 847 876 578 184 154 300 731 807 539 139 740 0 945 899 576 935 574 396 831 35 6 625 
815 276 847 876 578 184 154 300 731 807 539 139 740 625 945 0 576 935 574 396 831 35 6 523 899 
276 847 876 578 184 154 300 731 807 539 139 740 625 945 899 576 0 574 396 831 35 6 523 815 935 
847 876 578 184 154 300 731 807 539 139 740 625 945 899 576 935 574 0 831 35 6 523 815 276 396 
876 578 184 154 300 731 807 539 139 740 625 945 899 576 935 574 396 831 0 6 523 815 276 847 35 
578 184 154 300 731 807 539 139 740 625 945 899 576 935 574 396 831 35 6 0 815 276 847 876 523 
184 154 300 731 807 539 139 740 625 945 899 576 935 574 396 831 35 6 523 815 0 847 876 578 276 
154 300 731 807 539 139 740 625 945 899 576 935 574 396 831 35 6 523 815 276 847 0 578 184 876 
300 731 807 539 139 740 625 945 899 576 935 574 396 831 35 6 523 815 276 847 876 578 0 154 184 
731 807 539 139 740 625 945 899 576 935 574 396 831 35 6 523 815 276 847 876 578 184 154 0 300 
807 139 625 899 935 396 35 523 276 876 184 300 807 139 625 899 935 396 35 523 276 876 184 300 0 
