0 142 752 607 108 991 832 781 720 848 834 626 925 928 405 578 555 541 455 154 118 595 856 924 474 623 764 715 639 585 245 951 37 510 178 110 236 626 981 532 892 705 840 217 571 505 825 368 405 41 728 63 10 434 825 218 752 825 304 254 866 534 768 287 542 106 641 129 286 234 252 560 25 26 606 406 715 15 783 591 
142 0 607 108 991 832 781 720 848 834 626 925 928 405 578 555 541 455 154 118 595 856 924 474 623 764 715 639 585 245 951 37 510 178 110 236 626 981 532 892 705 840 217 571 505 825 368 405 41 728 63 10 434 825 218 752 825 304 254 866 534 768 287 542 106 641 129 286 234 252 560 25 26 606 406 715 15 783 591 752 
752 607 0 991 832 781 720 848 834 626 925 928 405 578 555 541 455 154 118 595 856 924 474 623 764 715 639 585 245 951 37 510 178 110 236 626 981 532 892 705 840 217 571 505 825 368 405 41 728 63 10 434 825 218 752 825 304 254 866 534 768 287 542 106 641 129 286 234 252 560 25 26 606 406 715 15 783 591 142 108 
607 108 991 0 781 720 848 834 626 925 928 405 578 555 541 455 154 118 595 856 924 474 623 764 715 639 585 245 951 37 510 178 110 236 626 981 532 892 705 840 217 571 505 825 368 405 41 728 63 10 434 825 218 752 825 304 254 866 534 768 287 542 106 641 129 286 234 252 560 25 26 606 406 715 15 783 591 142 752 832 
108 991 832 781 0 848 834 626 925 928 405 578 555 541 455 154 118 595 856 924 474 623 764 715 639 585 245 951 37 510 178 110 236 626 981 532 892 705 840 217 571 505 825 368 405 41 728 63 10 434 825 218 752 825 304 254 866 534 768 287 542 106 641 129 286 234 252 560 25 26 606 406 715 15 783 591 142 752 607 720 
991 832 781 720 848 0 626 925 928 405 578 555 541 455 154 118 595 856 924 474 623 764 715 639 585 245 951 37 510 178 110 236 626 981 532 892 705 840 217 571 505 825 368 405 41 728 63 10 434 825 218 752 825 304 254 866 534 768 287 542 106 641 129 286 234 252 560 25 26 606 406 715 15 783 591 142 752 607 108 834 
832 781 720 848 834 626 0 928 405 578 555 541 455 154 118 595 856 924 474 623 764 715 639 585 245 951 37 510 178 110 236 626 981 532 892 705 840 217 571 505 825 368 405 41 728 63 10 434 825 218 752 825 304 254 866 534 768 287 542 106 641 129 286 234 252 560 25 26 606 406 715 15 783 591 142 752 607 108 991 925 
781 720 848 834 626 925 928 0 578 555 541 455 154 118 595 856 924 474 623 764 715 639 585 245 951 37 510 178 110 236 626 981 532 892 705 840 217 571 505 825 368 405 41 728 63 10 434 825 218 752 825 304 254 866 534 768 287 542 106 641 129 286 234 252 560 25 26 606 406 715 15 783 591 142 752 607 108 991 832 405 
720 848 834 626 925 928 405 578 0 541 455 154 118 595 856 924 474 623 764 715 639 585 245 951 37 510 178 110 236 626 981 532 892 705 840 217 571 505 825 368 405 41 728 63 10 434 825 218 752 825 304 254 866 534 768 287 542 106 641 129 286 234 252 560 25 26 606 406 715 15 783 591 142 752 607 108 991 832 781 555 
848 834 626 925 928 405 578 555 541 0 154 118 595 856 924 474 623 764 715 639 585 245 951 37 510 178 110 236 626 981 532 892 705 840 217 571 505 825 368 405 41 728 63 10 434 825 218 752 825 304 254 866 534 768 287 542 106 641 129 286 234 252 560 25 26 606 406 715 15 783 591 142 752 607 108 991 832 781 720 455 
834 626 925 928 405 578 555 541 455 154 0 595 856 924 474 623 764 715 639 585 245 951 37 510 178 110 236 626 981 532 892 705 840 217 571 505 825 368 405 41 728 63 10 434 825 218 752 825 304 254 866 534 768 287 542 106 641 129 286 234 252 560 25 26 606 406 715 15 783 591 142 752 607 108 991 832 781 720 848 118 
626 925 928 405 578 555 541 455 154 118 595 0 924 474 623 764 715 639 585 245 951 37 510 178 110 236 626 981 532 892 705 840 217 571 505 825 368 405 41 728 63 10 434 825 218 752 825 304 254 866 534 768 287 542 106 641 129 286 234 252 560 25 26 606 406 715 15 783 591 142 752 607 108 991 832 781 720 848 834 856 
925 928 405 578 555 541 455 154 118 595 856 924 0 623 764 715 639 585 245 951 37 510 178 110 236 626 981 532 892 705 840 217 571 505 825 368 405 41 728 63 10 434 825 218 752 825 304 254 866 534 768 287 542 106 641 129 286 234 252 560 25 26 606 406 715 15 783 591 142 752 607 108 991 832 781 720 848 834 626 474 
928 405 578 555 541 455 154 118 595 856 924 474 623 0 715 639 585 245 951 37 510 178 110 236 626 981 532 892 705 840 217 571 505 825 368 405 41 728 63 10 434 825 218 752 825 304 254 866 534 768 287 542 106 641 129 286 234 252 560 25 26 606 406 715 15 783 591 142 752 607 108 991 832 781 720 848 834 626 925 764 
405 578 555 541 455 154 118 595 856 924 474 623 764 715 0 585 245 951 37 510 178 110 236 626 981 532 892 705 840 217 571 505 825 368 405 41 728 63 10 434 825 218 752 825 304 254 866 534 768 287 542 106 641 129 286 234 252 560 25 26 606 406 715 15 783 591 142 752 607 108 991 832 781 720 848 834 626 925 928 639 
578 555 541 455 154 118 595 856 924 474 623 764 715 639 585 0 951 37 510 178 110 236 626 981 532 892 705 840 217 571 505 825 368 405 41 728 63 10 434 825 218 752 825 304 254 866 534 768 287 542 106 641 129 286 234 252 560 25 26 606 406 715 15 783 591 142 752 607 108 991 832 781 720 848 834 626 925 928 405 245 
555 541 455 154 118 595 856 924 474 623 764 715 639 585 245 951 0 510 178 110 236 626 981 532 892 705 840 217 571 505 825 368 405 41 728 63 10 434 825 218 752 825 304 254 866 534 768 287 542 106 641 129 286 234 252 560 25 26 606 406 715 15 783 591 142 752 607 108 991 832 781 720 848 834 626 925 928 405 578 37 
541 455 154 118 595 856 924 474 623 764 715 639 585 245 951 37 510 0 110 236 626 981 532 892 705 840 217 571 505 825 368 405 41 728 63 10 434 825 218 752 825 304 254 866 534 768 287 542 106 641 129 286 234 252 560 25 26 606 406 715 15 783 591 142 752 607 108 991 832 781 720 848 834 626 925 928 405 578 555 178 
455 154 118 595 856 924 474 623 764 715 639 585 245 951 37 510 178 110 0 626 981 532 892 705 840 217 571 505 825 368 405 41 728 63 10 434 825 218 752 825 304 254 866 534 768 287 542 106 641 129 286 234 252 560 25 26 606 406 715 15 783 591 142 752 607 108 991 832 781 720 848 834 626 925 928 405 578 555 541 236 
154 118 595 856 924 474 623 764 715 639 585 245 951 37 510 178 110 236 626 0 532 892 705 840 217 571 505 825 368 405 41 728 63 10 434 825 218 752 825 304 254 866 534 768 287 542 106 641 129 286 234 252 560 25 26 606 406 715 15 783 591 142 752 607 108 991 832 781 720 848 834 626 925 928 405 578 555 541 455 981 
118 595 856 924 474 623 764 715 639 585 245 951 37 510 178 110 236 626 981 532 0 705 840 217 571 505 825 368 405 41 728 63 10 434 825 218 752 825 304 254 866 534 768 287 542 106 641 129 286 234 252 560 25 26 606 406 715 15 783 591 142 752 607 108 991 832 781 720 848 834 626 925 928 405 578 555 541 455 154 892 
595 856 924 474 623 764 715 639 585 245 951 37 510 178 110 236 626 981 532 892 705 0 217 571 505 825 368 405 41 728 63 10 434 825 218 752 825 304 254 866 534 768 287 542 106 641 129 286 234 252 560 25 26 606 406 715 15 783 591 142 752 607 108 991 832 781 720 848 834 626 925 928 405 578 555 541 455 154 118 840 
856 924 474 623 764 715 639 585 245 951 37 510 178 110 236 626 981 532 892 705 840 217 0 505 825 368 405 41 728 63 10 434 825 218 752 825 304 254 866 534 768 287 542 106 641 129 286 234 252 560 25 26 606 406 715 15 783 591 142 752 607 108 991 832 781 720 848 834 626 925 928 405 578 555 541 455 154 118 595 571 
924 474 623 764 715 639 585 245 951 37 510 178 110 236 626 981 532 892 705 840 217 571 505 0 368 405 41 728 63 10 434 825 218 752 825 304 254 866 534 768 287 542 106 641 129 286 234 252 560 25 26 606 406 715 15 783 591 142 752 607 108 991 832 781 720 848 834 626 925 928 405 578 555 541 455 154 118 595 856 825 
474 623 764 715 639 585 245 951 37 510 178 110 236 626 981 532 892 705 840 217 571 505 825 368 0 41 728 63 10 434 825 218 752 825 304 254 866 534 768 287 542 106 641 129 286 234 252 560 25 26 606 406 715 15 783 591 142 752 607 108 991 832 781 720 848 834 626 925 928 405 578 555 541 455 154 118 595 856 924 405 
623 764 715 639 585 245 951 37 510 178 110 236 626 981 532 892 705 840 217 571 505 825 368 405 41 0 63 10 434 825 218 752 825 304 254 866 534 768 287 542 106 641 129 286 234 252 560 25 26 606 406 715 15 783 591 142 752 607 108 991 832 781 720 848 834 626 925 928 405 578 555 541 455 154 118 595 856 924 474 728 
764 715 639 585 245 951 37 510 178 110 236 626 981 532 892 705 840 217 571 505 825 368 405 41 728 63 0 434 825 218 752 825 304 254 866 534 768 287 542 106 641 129 286 234 252 560 25 26 606 406 715 15 783 591 142 752 607 108 991 832 781 720 848 834 626 925 928 405 578 555 541 455 154 118 595 856 924 474 623 10 
715 639 585 245 951 37 510 178 110 236 626 981 532 892 705 840 217 571 505 825 368 405 41 728 63 10 434 0 218 752 825 304 254 866 534 768 287 542 106 641 129 286 234 252 560 25 26 606 406 715 15 783 591 142 752 607 108 991 832 781 720 848 834 626 925 928 405 578 555 541 455 154 118 595 856 924 474 623 764 825 
639 585 245 951 37 510 178 110 236 626 981 532 892 705 840 217 571 505 825 368 405 41 728 63 10 434 825 218 0 825 304 254 866 534 768 287 542 106 641 129 286 234 252 560 25 26 606 406 715 15 783 591 142 752 607 108 991 832 781 720 848 834 626 925 928 405 578 555 541 455 154 118 595 856 924 474 623 764 715 752 
585 245 951 37 510 178 110 236 626 981 532 892 705 840 217 571 505 825 368 405 41 728 63 10 434 825 218 752 825 0 254 866 534 768 287 542 106 641 129 286 234 252 560 25 26 606 406 715 15 783 591 142 752 607 108 991 832 781 720 848 834 626 925 928 405 578 555 541 455 154 118 595 856 924 474 623 764 715 639 304 
245 951 37 510 178 110 236 626 981 532 892 705 840 217 571 505 825 368 405 41 728 63 10 434 825 218 752 825 304 254 0 534 768 287 542 106 641 129 286 234 252 560 25 26 606 406 715 15 783 591 142 752 607 108 991 832 781 720 848 834 626 925 928 405 578 555 541 455 154 118 595 856 924 474 623 764 715 639 585 866 
951 37 510 178 110 236 626 981 532 892 705 840 217 571 505 825 368 405 41 728 63 10 434 825 218 752 825 304 254 866 534 0 287 542 106 641 129 286 234 252 560 25 26 606 406 715 15 783 591 142 752 607 108 991 832 781 720 848 834 626 925 928 405 578 555 541 455 154 118 595 856 924 474 623 764 715 639 585 245 768 
37 510 178 110 236 626 981 532 892 705 840 217 571 505 825 368 405 41 728 63 10 434 825 218 752 825 304 254 866 534 768 287 0 106 641 129 286 234 252 560 25 26 606 406 715 15 783 591 142 752 607 108 991 832 781 720 848 834 626 925 928 405 578 555 541 455 154 118 595 856 924 474 623 764 715 639 585 245 951 542 
510 178 110 236 626 981 532 892 705 840 217 571 505 825 368 405 41 728 63 10 434 825 218 752 825 304 254 866 534 768 287 542 106 0 129 286 234 252 560 25 26 606 406 715 15 783 591 142 752 607 108 991 832 781 720 848 834 626 925 928 405 578 555 541 455 154 118 595 856 924 474 623 764 715 639 585 245 951 37 641 
178 110 236 626 981 532 892 705 840 217 571 505 825 368 405 41 728 63 10 434 825 218 752 825 304 254 866 534 768 287 542 106 641 129 0 234 252 560 25 26 606 406 715 15 783 591 142 752 607 108 991 832 781 720 848 834 626 925 928 405 578 555 541 455 154 118 595 856 924 474 623 764 715 639 585 245 951 37 510 286 
110 236 626 981 532 892 705 840 217 571 505 825 368 405 41 728 63 10 434 825 218 752 825 304 254 866 534 768 287 542 106 641 129 286 234 0 560 25 26 606 406 715 15 783 591 142 752 607 108 991 832 781 720 848 834 626 925 928 405 578 555 541 455 154 118 595 856 924 474 623 764 715 639 585 245 951 37 510 178 252 
236 626 981 532 892 705 840 217 571 505 825 368 405 41 728 63 10 434 825 218 752 825 304 254 866 534 768 287 542 106 641 129 286 234 252 560 0 26 606 406 715 15 783 591 142 752 607 108 991 832 781 720 848 834 626 925 928 405 578 555 541 455 154 118 595 856 924 474 623 764 715 639 585 245 951 37 510 178 110 25 
626 981 532 892 705 840 217 571 505 825 368 405 41 728 63 10 434 825 218 752 825 304 254 866 534 768 287 542 106 641 129 286 234 252 560 25 26 0 406 715 15 783 591 142 752 607 108 991 832 781 720 848 834 626 925 928 405 578 555 541 455 154 118 595 856 924 474 623 764 715 639 585 245 951 37 510 178 110 236 606 
981 532 892 705 840 217 571 505 825 368 405 41 728 63 10 434 825 218 752 825 304 254 866 534 768 287 542 106 641 129 286 234 252 560 25 26 606 406 0 15 783 591 142 752 607 108 991 832 781 720 848 834 626 925 928 405 578 555 541 455 154 118 595 856 924 474 623 764 715 639 585 245 951 37 510 178 110 236 626 715 
532 892 705 840 217 571 505 825 368 405 41 728 63 10 434 825 218 752 825 304 254 866 534 768 287 542 106 641 129 286 234 252 560 25 26 606 406 715 15 0 591 142 752 607 108 991 832 781 720 848 834 626 925 928 405 578 555 541 455 154 118 595 856 924 474 623 764 715 639 585 245 951 37 510 178 110 236 626 981 783 
892 705 840 217 571 505 825 368 405 41 728 63 10 434 825 218 752 825 304 254 866 534 768 287 542 106 641 129 286 234 252 560 25 26 606 406 715 15 783 591 0 752 607 108 991 832 781 720 848 834 626 925 928 405 578 555 541 455 154 118 595 856 924 474 623 764 715 639 585 245 951 37 510 178 110 236 626 981 532 142 
705 840 217 571 505 825 368 405 41 728 63 10 434 825 218 752 825 304 254 866 534 768 287 542 106 641 129 286 234 252 560 25 26 606 406 715 15 783 591 142 752 0 108 991 832 781 720 848 834 626 925 928 405 578 555 541 455 154 118 595 856 924 474 623 764 715 639 585 245 951 37 510 178 110 236 626 981 532 892 607 
840 217 571 505 825 368 405 41 728 63 10 434 825 218 752 825 304 254 866 534 768 287 542 106 641 129 286 234 252 560 25 26 606 406 715 15 783 591 142 752 607 108 0 832 781 720 848 834 626 925 928 405 578 555 541 455 154 118 595 856 924 474 623 764 715 639 585 245 951 37 510 178 110 236 626 981 532 892 705 991 
217 571 505 825 368 405 41 728 63 10 434 825 218 752 825 304 254 866 534 768 287 542 106 641 129 286 234 252 560 25 26 606 406 715 15 783 591 142 752 607 108 991 832 0 720 848 834 626 925 928 405 578 555 541 455 154 118 595 856 924 474 623 764 715 639 585 245 951 37 510 178 110 236 626 981 532 892 705 840 781 
571 505 825 368 405 41 728 63 10 434 825 218 752 825 304 254 866 534 768 287 542 106 641 129 286 234 252 560 25 26 606 406 715 15 783 591 142 752 607 108 991 832 781 720 0 834 626 925 928 405 578 555 541 455 154 118 595 856 924 474 623 764 715 639 585 245 951 37 510 178 110 236 626 981 532 892 705 840 217 848 
505 825 368 405 41 728 63 10 434 825 218 752 825 304 254 866 534 768 287 542 106 641 129 286 234 252 560 25 26 606 406 715 15 783 591 142 752 607 108 991 832 781 720 848 834 0 925 928 405 578 555 541 455 154 118 595 856 924 474 623 764 715 639 585 245 951 37 510 178 110 236 626 981 532 892 705 840 217 571 626 
825 368 405 41 728 63 10 434 825 218 752 825 304 254 866 534 768 287 542 106 641 129 286 234 252 560 25 26 606 406 715 15 783 591 142 752 607 108 991 832 781 720 848 834 626 925 0 405 578 555 541 455 154 118 595 856 924 474 623 764 715 639 585 245 951 37 510 178 110 236 626 981 532 892 705 840 217 571 505 928 
368 405 41 728 63 10 434 825 218 752 825 304 254 866 534 768 287 542 106 641 129 286 234 252 560 25 26 606 406 715 15 783 591 142 752 607 108 991 832 781 720 848 834 626 925 928 405 0 555 541 455 154 118 595 856 924 474 623 764 715 639 585 245 951 37 510 178 110 236 626 981 532 892 705 840 217 571 505 825 578 
405 41 728 63 10 434 825 218 752 825 304 254 866 534 768 287 542 106 641 129 286 234 252 560 25 26 606 406 715 15 783 591 142 752 607 108 991 832 781 720 848 834 626 925 928 405 578 555 0 455 154 118 595 856 924 474 623 764 715 639 585 245 951 37 510 178 110 236 626 981 532 892 705 840 217 571 505 825 368 541 
41 728 63 10 434 825 218 752 825 304 254 866 534 768 287 542 106 641 129 286 234 252 560 25 26 606 406 715 15 783 591 142 752 607 108 991 832 781 720 848 834 626 925 928 405 578 555 541 455 0 118 595 856 924 474 623 764 715 639 585 245 951 37 510 178 110 236 626 981 532 892 705 840 217 571 505 825 368 405 154 
728 63 10 434 825 218 752 825 304 254 866 534 768 287 542 106 641 129 286 234 252 560 25 26 606 406 715 15 783 591 142 752 607 108 991 832 781 720 848 834 626 925 928 405 578 555 541 455 154 118 0 856 924 474 623 764 715 639 585 245 951 37 510 178 110 236 626 981 532 892 705 840 217 571 505 825 368 405 41 595 
63 10 434 825 218 752 825 304 254 866 534 768 287 542 106 641 129 286 234 252 560 25 26 606 406 715 15 783 591 142 752 607 108 991 832 781 720 848 834 626 925 928 405 578 555 541 455 154 118 595 856 0 474 623 764 715 639 585 245 951 37 510 178 110 236 626 981 532 892 705 840 217 571 505 825 368 405 41 728 924 
10 434 825 218 752 825 304 254 866 534 768 287 542 106 641 129 286 234 252 560 25 26 606 406 715 15 783 591 142 752 607 108 991 832 781 720 848 834 626 925 928 405 578 555 541 455 154 118 595 856 924 474 0 764 715 639 585 245 951 37 510 178 110 236 626 981 532 892 705 840 217 571 505 825 368 405 41 728 63 623 
434 825 218 752 825 304 254 866 534 768 287 542 106 641 129 286 234 252 560 25 26 606 406 715 15 783 591 142 752 607 108 991 832 781 720 848 834 626 925 928 405 578 555 541 455 154 118 595 856 924 474 623 764 0 639 585 245 951 37 510 178 110 236 626 981 532 892 705 840 217 571 505 825 368 405 41 728 63 10 715 
825 218 752 825 304 254 866 534 768 287 542 106 641 129 286 234 252 560 25 26 606 406 715 15 783 591 142 752 607 108 991 832 781 720 848 834 626 925 928 405 578 555 541 455 154 118 595 856 924 474 623 764 715 639 0 245 951 37 510 178 110 236 626 981 532 892 705 840 217 571 505 825 368 405 41 728 63 10 434 585 
218 752 825 304 254 866 534 768 287 542 106 641 129 286 234 252 560 25 26 606 406 715 15 783 591 142 752 607 108 991 832 781 720 848 834 626 925 928 405 578 555 541 455 154 118 595 856 924 474 623 764 715 639 585 245 0 37 510 178 110 236 626 981 532 892 705 840 217 571 505 825 368 405 41 728 63 10 434 825 951 
752 825 304 254 866 534 768 287 542 106 641 129 286 234 252 560 25 26 606 406 715 15 783 591 142 752 607 108 991 832 781 720 848 834 626 925 928 405 578 555 541 455 154 118 595 856 924 474 623 764 715 639 585 245 951 37 0 178 110 236 626 981 532 892 705 840 217 571 505 825 368 405 41 728 63 10 434 825 218 510 
825 304 254 866 534 768 287 542 106 641 129 286 234 252 560 25 26 606 406 715 15 783 591 142 752 607 108 991 832 781 720 848 834 626 925 928 405 578 555 541 455 154 118 595 856 924 474 623 764 715 639 585 245 951 37 510 178 0 236 626 981 532 892 705 840 217 571 505 825 368 405 41 728 63 10 434 825 218 752 110 
304 254 866 534 768 287 542 106 641 129 286 234 252 560 25 26 606 406 715 15 783 591 142 752 607 108 991 832 781 720 848 834 626 925 928 405 578 555 541 455 154 118 595 856 924 474 623 764 715 639 585 245 951 37 510 178 110 236 0 981 532 892 705 840 217 571 505 825 368 405 41 728 63 10 434 825 218 752 825 626 
254 866 534 768 287 542 106 641 129 286 234 252 560 25 26 606 406 715 15 783 591 142 752 607 108 991 832 781 720 848 834 626 925 928 405 578 555 541 455 154 118 595 856 924 474 623 764 715 639 585 245 951 37 510 178 110 236 626 981 0 892 705 840 217 571 505 825 368 405 41 728 63 10 434 825 218 752 825 304 532 
866 534 768 287 542 106 641 129 286 234 252 560 25 26 606 406 715 15 783 591 142 752 607 108 991 832 781 720 848 834 626 925 928 405 578 555 541 455 154 118 595 856 924 474 623 764 715 639 585 245 951 37 510 178 110 236 626 981 532 892 0 840 217 571 505 825 368 405 41 728 63 10 434 825 218 752 825 304 254 705 
534 768 287 542 106 641 129 286 234 252 560 25 26 606 406 715 15 783 591 142 752 607 108 991 832 781 720 848 834 626 925 928 405 578 555 541 455 154 118 595 856 924 474 623 764 715 639 585 245 951 37 510 178 110 236 626 981 532 892 705 840 0 571 505 825 368 405 41 728 63 10 434 825 218 752 825 304 254 866 217 
768 287 542 106 641 129 286 234 252 560 25 26 606 406 715 15 783 591 142 752 607 108 991 832 781 720 848 834 626 925 928 405 578 555 541 455 154 118 595 856 924 474 623 764 715 639 585 245 951 37 510 178 110 236 626 981 532 892 705 840 217 571 0 825 368 405 41 728 63 10 434 825 218 752 825 304 254 866 534 505 
287 542 106 641 129 286 234 252 560 25 26 606 406 715 15 783 591 142 752 607 108 991 832 781 720 848 834 626 925 928 405 578 555 541 455 154 118 595 856 924 474 623 764 715 639 585 245 951 37 510 178 110 236 626 981 532 892 705 840 217 571 505 825 0 405 41 728 63 10 434 825 218 752 825 304 254 866 534 768 368 
542 106 641 129 286 234 252 560 25 26 606 406 715 15 783 591 142 752 607 108 991 832 781 720 848 834 626 925 928 405 578 555 541 455 154 118 595 856 924 474 623 764 715 639 585 245 951 37 510 178 110 236 626 981 532 892 705 840 217 571 505 825 368 405 0 728 63 10 434 825 218 752 825 304 254 866 534 768 287 41 
106 641 129 286 234 252 560 25 26 606 406 715 15 783 591 142 752 607 108 991 832 781 720 848 834 626 925 928 405 578 555 541 455 154 118 595 856 924 474 623 764 715 639 585 245 951 37 510 178 110 236 626 981 532 892 705 840 217 571 505 825 368 405 41 728 0 10 434 825 218 752 825 304 254 866 534 768 287 542 63 
641 129 286 234 252 560 25 26 606 406 715 15 783 591 142 752 607 108 991 832 781 720 848 834 626 925 928 405 578 555 541 455 154 118 595 856 924 474 623 764 715 639 585 245 951 37 510 178 110 236 626 981 532 892 705 840 217 571 505 825 368 405 41 728 63 10 0 825 218 752 825 304 254 866 534 768 287 542 106 434 
129 286 234 252 560 25 26 606 406 715 15 783 591 142 752 607 108 991 832 781 720 848 834 626 925 928 405 578 555 541 455 154 118 595 856 924 474 623 764 715 639 585 245 951 37 510 178 110 236 626 981 532 892 705 840 217 571 505 825 368 405 41 728 63 10 434 825 0 752 825 304 254 866 534 768 287 542 106 641 218 
286 234 252 560 25 26 606 406 715 15 783 591 142 752 607 108 991 832 781 720 848 834 626 925 928 405 578 555 541 455 154 118 595 856 924 474 623 764 715 639 585 245 951 37 510 178 110 236 626 981 532 892 705 840 217 571 505 825 368 405 41 728 63 10 434 825 218 752 0 304 254 866 534 768 287 542 106 641 129 825 
234 252 560 25 26 606 406 715 15 783 591 142 752 607 108 991 832 781 720 848 834 626 925 928 405 578 555 541 455 154 118 595 856 924 474 623 764 715 639 585 245 951 37 510 178 110 236 626 981 532 892 705 840 217 571 505 825 368 405 41 728 63 10 434 825 218 752 825 304 0 866 534 768 287 542 106 641 129 286 254 
252 560 25 26 606 406 715 15 783 591 142 752 607 108 991 832 781 720 848 834 626 925 928 405 578 555 541 455 154 118 595 856 924 474 623 764 715 639 585 245 951 37 510 178 110 236 626 981 532 892 705 840 217 571 505 825 368 405 41 728 63 10 434 825 218 752 825 304 254 866 0 768 287 542 106 641 129 286 234 534 
560 25 26 606 406 715 15 783 591 142 752 607 108 991 832 781 720 848 834 626 925 928 405 578 555 541 455 154 118 595 856 924 474 623 764 715 639 585 245 951 37 510 178 110 236 626 981 532 892 705 840 217 571 505 825 368 405 41 728 63 10 434 825 218 752 825 304 254 866 534 768 0 542 106 641 129 286 234 252 287 
25 26 606 406 715 15 783 591 142 752 607 108 991 832 781 720 848 834 626 925 928 405 578 555 541 455 154 118 595 856 924 474 623 764 715 639 585 245 951 37 510 178 110 236 626 981 532 892 705 840 217 571 505 825 368 405 41 728 63 10 434 825 218 752 825 304 254 866 534 768 287 542 0 641 129 286 234 252 560 106 
26 606 406 715 15 783 591 142 752 607 108 991 832 781 720 848 834 626 925 928 405 578 555 541 455 154 118 595 856 924 474 623 764 715 639 585 245 951 37 510 178 110 236 626 981 532 892 705 840 217 571 505 825 368 405 41 728 63 10 434 825 218 752 825 304 254 866 534 768 287 542 106 641 0 286 234 252 560 25 129 
606 406 715 15 783 591 142 752 607 108 991 832 781 720 848 834 626 925 928 405 578 555 541 455 154 118 595 856 924 474 623 764 715 639 585 245 951 37 510 178 110 236 626 981 532 892 705 840 217 571 505 825 368 405 41 728 63 10 434 825 218 752 825 304 254 866 534 768 287 542 106 641 129 286 0 252 560 25 26 234 
406 715 15 783 591 142 752 607 108 991 832 781 720 848 834 626 925 928 405 578 555 541 455 154 118 595 856 924 474 623 764 715 639 585 245 951 37 510 178 110 236 626 981 532 892 705 840 217 571 505 825 368 405 41 728 63 10 434 825 218 752 825 304 254 866 534 768 287 542 106 641 129 286 234 252 0 25 26 606 560 
715 15 783 591 142 752 607 108 991 832 781 720 848 834 626 925 928 405 578 555 541 455 154 118 595 856 924 474 623 764 715 639 585 245 951 37 510 178 110 236 626 981 532 892 705 840 217 571 505 825 368 405 41 728 63 10 434 825 218 752 825 304 254 866 534 768 287 542 106 641 129 286 234 252 560 25 0 606 406 26 
15 783 591 142 752 607 108 991 832 781 720 848 834 626 925 928 405 578 555 541 455 154 118 595 856 924 474 623 764 715 639 585 245 951 37 510 178 110 236 626 981 532 892 705 840 217 571 505 825 368 405 41 728 63 10 434 825 218 752 825 304 254 866 534 768 287 542 106 641 129 286 234 252 560 25 26 606 0 715 406 
783 591 142 752 607 108 991 832 781 720 848 834 626 925 928 405 578 555 541 455 154 118 595 856 924 474 623 764 715 639 585 245 951 37 510 178 110 236 626 981 532 892 705 840 217 571 505 825 368 405 41 728 63 10 434 825 218 752 825 304 254 866 534 768 287 542 106 641 129 286 234 252 560 25 26 606 406 715 0 15 
591 752 108 832 720 834 925 405 555 455 118 856 474 764 639 245 37 178 236 981 892 840 571 825 405 728 10 825 752 304 866 768 542 641 286 252 25 606 715 783 142 607 991 781 848 626 928 578 541 154 595 924 623 715 585 951 510 110 626 532 705 217 505 368 41 63 434 218 825 254 534 287 106 129 234 560 26 406 15 0 
